  2.000000000000000E-003  2.000000000000000E-003 -0.727810148177051     
  2.000000000000000E-003  0.302332916666667      -0.741898857357414     
  2.000000000000000E-003  0.602665833333333      -0.726139184758750     
  2.000000000000000E-003  0.902998750000000      -0.694189250302925     
  2.000000000000000E-003   1.20333166666667      -0.671540940424651     
  2.000000000000000E-003   1.50366458333333      -0.660839649269727     
  2.000000000000000E-003   1.80399750000000      -0.661084185114790     
  2.000000000000000E-003   2.10433041666667      -0.673046605335145     
  2.000000000000000E-003   2.40466333333333      -0.700202043317428     
  2.000000000000000E-003   2.70499625000000      -0.744006633350324     
  2.000000000000000E-003   3.00532916666667      -0.796586924038834     
  2.000000000000000E-003   3.30566208333333      -0.839478230771196     
  2.000000000000000E-003   3.60599500000000      -0.868841769994627     
  2.000000000000000E-003   3.90632791666667      -0.839469237103405     
  2.000000000000000E-003   4.20666083333333      -0.796572994841867     
  2.000000000000000E-003   4.50699375000000      -0.743995891213210     
  2.000000000000000E-003   4.80732666666667      -0.700201140464860     
  2.000000000000000E-003   5.10765958333333      -0.673057332613796     
  2.000000000000000E-003   5.40799250000000      -0.661109636446991     
  2.000000000000000E-003   5.70832541666667      -0.660892956109122     
  2.000000000000000E-003   6.00865833333333      -0.671644233031806     
  2.000000000000000E-003   6.30899125000000      -0.694373305228047     
  2.000000000000000E-003   6.60932416666667      -0.726412663419994     
  2.000000000000000E-003   6.90965708333333      -0.742115915317578     
  2.000000000000000E-003   7.20999000000000      -0.727881610813669     
  0.302332916666667       2.000000000000000E-003 -0.741897447053737     
  0.302332916666667       0.302332916666667      -0.728505036610017     
  0.302332916666667       0.602665833333333      -0.718180530445043     
  0.302332916666667       0.902998750000000      -0.701644203144848     
  0.302332916666667        1.20333166666667      -0.686737573853230     
  0.302332916666667        1.50366458333333      -0.679081820736212     
  0.302332916666667        1.80399750000000      -0.680331053421424     
  0.302332916666667        2.10433041666667      -0.692170191600486     
  0.302332916666667        2.40466333333333      -0.718195800230802     
  0.302332916666667        2.70499625000000      -0.760326814769382     
  0.302332916666667        3.00532916666667      -0.811130315497548     
  0.302332916666667        3.30566208333333      -0.853508095145573     
  0.302332916666667        3.60599500000000      -0.870073825984090     
  0.302332916666667        3.90632791666667      -0.853359526565570     
  0.302332916666667        4.20666083333333      -0.810984637958453     
  0.302332916666667        4.50699375000000      -0.760234127303014     
  0.302332916666667        4.80732666666667      -0.718156417566511     
  0.302332916666667        5.10765958333333      -0.692169513250274     
  0.302332916666667        5.40799250000000      -0.680357839496860     
  0.302332916666667        5.70832541666667      -0.679137879428246     
  0.302332916666667        6.00865833333333      -0.686831370577603     
  0.302332916666667        6.30899125000000      -0.701788538687313     
  0.302332916666667        6.60932416666667      -0.718370538344646     
  0.302332916666667        6.90965708333333      -0.728680428532886     
  0.302332916666667        7.20999000000000      -0.742114067779668     
  0.602665833333333       2.000000000000000E-003 -0.726135515978413     
  0.602665833333333       0.302332916666667      -0.718177918028185     
  0.602665833333333       0.602665833333333      -0.705338981439152     
  0.602665833333333       0.902998750000000      -0.698566678577443     
  0.602665833333333        1.20333166666667      -0.692802988460800     
  0.602665833333333        1.50366458333333      -0.690021943791687     
  0.602665833333333        1.80399750000000      -0.692860518544869     
  0.602665833333333        2.10433041666667      -0.703770247664557     
  0.602665833333333        2.40466333333333      -0.725787705320962     
  0.602665833333333        2.70499625000000      -0.761334081047064     
  0.602665833333333        3.00532916666667      -0.803942852921393     
  0.602665833333333        3.30566208333333      -0.840515495390030     
  0.602665833333333        3.60599500000000      -0.854951622862511     
  0.602665833333333        3.90632791666667      -0.840376594079417     
  0.602665833333333        4.20666083333333      -0.803781143225855     
  0.602665833333333        4.50699375000000      -0.761221232339392     
  0.602665833333333        4.80732666666667      -0.725738254180420     
  0.602665833333333        5.10765958333333      -0.703767239168648     
  0.602665833333333        5.40799250000000      -0.692890717093776     
  0.602665833333333        5.70832541666667      -0.690076930806213     
  0.602665833333333        6.00865833333333      -0.692875974324264     
  0.602665833333333        6.30899125000000      -0.698653820649563     
  0.602665833333333        6.60932416666667      -0.705450304729205     
  0.602665833333333        6.90965708333333      -0.718367623671437     
  0.602665833333333        7.20999000000000      -0.726409909198463     
  0.902998750000000       2.000000000000000E-003 -0.694183557440799     
  0.902998750000000       0.302332916666667      -0.701638770442350     
  0.902998750000000       0.602665833333333      -0.698563079812403     
  0.902998750000000       0.902998750000000      -0.696645809893184     
  0.902998750000000        1.20333166666667      -0.695858762245447     
  0.902998750000000        1.50366458333333      -0.696544535343292     
  0.902998750000000        1.80399750000000      -0.700583433881531     
  0.902998750000000        2.10433041666667      -0.710217293933754     
  0.902998750000000        2.40466333333333      -0.727783337808825     
  0.902998750000000        2.70499625000000      -0.754105335077076     
  0.902998750000000        3.00532916666667      -0.785816210839197     
  0.902998750000000        3.30566208333333      -0.812413689436183     
  0.902998750000000        3.60599500000000      -0.822897071190320     
  0.902998750000000        3.90632791666667      -0.812325664391256     
  0.902998750000000        4.20666083333333      -0.785702144884981     
  0.902998750000000        4.50699375000000      -0.754021502207055     
  0.902998750000000        4.80732666666667      -0.727744746019152     
  0.902998750000000        5.10765958333333      -0.710219693328821     
  0.902998750000000        5.40799250000000      -0.700619891630120     
  0.902998750000000        5.70832541666667      -0.696602380932383     
  0.902998750000000        6.00865833333333      -0.695924753708516     
  0.902998750000000        6.30899125000000      -0.696714164845367     
  0.902998750000000        6.60932416666667      -0.698650376334486     
  0.902998750000000        6.90965708333333      -0.701783597517520     
  0.902998750000000        7.20999000000000      -0.694368851405165     
   1.20333166666667       2.000000000000000E-003 -0.671532160105724     
   1.20333166666667       0.302332916666667      -0.686728531358334     
   1.20333166666667       0.602665833333333      -0.692795300004733     
   1.20333166666667       0.902998750000000      -0.695854462649435     
   1.20333166666667        1.20333166666667      -0.698179400168400     
   1.20333166666667        1.50366458333333      -0.700901615085164     
   1.20333166666667        1.80399750000000      -0.705609173251314     
   1.20333166666667        2.10433041666667      -0.714407576819373     
   1.20333166666667        2.40466333333333      -0.728606479009721     
   1.20333166666667        2.70499625000000      -0.747424892298094     
   1.20333166666667        3.00532916666667      -0.768320377342283     
   1.20333166666667        3.30566208333333      -0.785939935505167     
   1.20333166666667        3.60599500000000      -0.792878368391097     
   1.20333166666667        3.90632791666667      -0.785893388097240     
   1.20333166666667        4.20666083333333      -0.768257192194822     
   1.20333166666667        4.50699375000000      -0.747374608936504     
   1.20333166666667        4.80732666666667      -0.728584444486363     
   1.20333166666667        5.10765958333333      -0.714418193864499     
   1.20333166666667        5.40799250000000      -0.705650476596931     
   1.20333166666667        5.70832541666667      -0.700962779542638     
   1.20333166666667        6.00865833333333      -0.698246387256982     
   1.20333166666667        6.30899125000000      -0.695920570237109     
   1.20333166666667        6.60932416666667      -0.692868613184863     
   1.20333166666667        6.90965708333333      -0.686823025969492     
   1.20333166666667        7.20999000000000      -0.671636535683169     
   1.50366458333333       2.000000000000000E-003 -0.660827056911669     
   1.50366458333333       0.302332916666667      -0.679068757399170     
   1.50366458333333       0.602665833333333      -0.690010340183130     
   1.50366458333333       0.902998750000000      -0.696536556063621     
   1.50366458333333        1.20333166666667      -0.700898200702610     
   1.50366458333333        1.50366458333333      -0.704777754395205     
   1.50366458333333        1.80399750000000      -0.710046137058599     
   1.50366458333333        2.10433041666667      -0.718642697495097     
   1.50366458333333        2.40466333333333      -0.730757695203011     
   1.50366458333333        2.70499625000000      -0.745349520781537     
   1.50366458333333        3.00532916666667      -0.760057089620675     
   1.50366458333333        3.30566208333333      -0.771340842457429     
   1.50366458333333        3.60599500000000      -0.775618809956288     
   1.50366458333333        3.90632791666667      -0.771316743255139     
   1.50366458333333        4.20666083333333      -0.760022471784487     
   1.50366458333333        4.50699375000000      -0.745321892453319     
   1.50366458333333        4.80732666666667      -0.730749783508869     
   1.50366458333333        5.10765958333333      -0.718659445704143     
   1.50366458333333        5.40799250000000      -0.710085800519278     
   1.50366458333333        5.70832541666667      -0.704834027060121     
   1.50366458333333        6.00865833333333      -0.700959342874200     
   1.50366458333333        6.30899125000000      -0.696594469025884     
   1.50366458333333        6.60932416666667      -0.690065585523884     
   1.50366458333333        6.90965708333333      -0.679125294005682     
   1.50366458333333        7.20999000000000      -0.660881066130934     
   1.80399750000000       2.000000000000000E-003 -0.661067599406963     
   1.80399750000000       0.302332916666667      -0.680314156067335     
   1.80399750000000       0.602665833333333      -0.692845943402626     
   1.80399750000000       0.902998750000000      -0.700573575919592     
   1.80399750000000        1.20333166666667      -0.705604876261128     
   1.80399750000000        1.50366458333333      -0.710045755511836     
   1.80399750000000        1.80399750000000      -0.715976091954214     
   1.80399750000000        2.10433041666667      -0.724346821583056     
   1.80399750000000        2.40466333333333      -0.735174386698415     
   1.80399750000000        2.70499625000000      -0.747469912990696     
   1.80399750000000        3.00532916666667      -0.759235359188574     
   1.80399750000000        3.30566208333333      -0.767863271096049     
   1.80399750000000        3.60599500000000      -0.771045798712351     
   1.80399750000000        3.90632791666667      -0.767850009926855     
   1.80399750000000        4.20666083333333      -0.759216607743414     
   1.80399750000000        4.50699375000000      -0.747456610076558     
   1.80399750000000        4.80732666666667      -0.735175060792743     
   1.80399750000000        5.10765958333333      -0.724364320821066     
   1.80399750000000        5.40799250000000      -0.716007593404971     
   1.80399750000000        5.70832541666667      -0.710085244190542     
   1.80399750000000        6.00865833333333      -0.705645949392891     
   1.80399750000000        6.30899125000000      -0.700609846150677     
   1.80399750000000        6.60932416666667      -0.692876051712917     
   1.80399750000000        6.90965708333333      -0.680341003103571     
   1.80399750000000        7.20999000000000      -0.661093296789506     
   2.10433041666667       2.000000000000000E-003 -0.673025925406631     
   2.10433041666667       0.302332916666667      -0.692149825836185     
   2.10433041666667       0.602665833333333      -0.703753881117361     
   2.10433041666667       0.902998750000000      -0.710207853170801     
   2.10433041666667        1.20333166666667      -0.714405249063963     
   2.10433041666667        1.50366458333333      -0.718644985817684     
   2.10433041666667        1.80399750000000      -0.724349801638139     
   2.10433041666667        2.10433041666667      -0.732156575010710     
   2.10433041666667        2.40466333333333      -0.741946072137358     
   2.10433041666667        2.70499625000000      -0.752768945883182     
   2.10433041666667        3.00532916666667      -0.762889756769488     
   2.10433041666667        3.30566208333333      -0.770177872286583     
   2.10433041666667        3.60599500000000      -0.772839518563156     
   2.10433041666667        3.90632791666667      -0.770170854828158     
   2.10433041666667        4.20666083333333      -0.762880314226677     
   2.10433041666667        4.50699375000000      -0.752763509437738     
   2.10433041666667        4.80732666666667      -0.741949242214713     
   2.10433041666667        5.10765958333333      -0.732168717197742     
   2.10433041666667        5.40799250000000      -0.724367036546521     
   2.10433041666667        5.70832541666667      -0.718661261982371     
   2.10433041666667        6.00865833333333      -0.714415255522509     
   2.10433041666667        6.30899125000000      -0.710209578065580     
   2.10433041666667        6.60932416666667      -0.703750210207080     
   2.10433041666667        6.90965708333333      -0.692148595956742     
   2.10433041666667        7.20999000000000      -0.673036328501505     
   2.40466333333333       2.000000000000000E-003 -0.700176331215786     
   2.40466333333333       0.302332916666667      -0.718171014154174     
   2.40466333333333       0.602665833333333      -0.725769122827049     
   2.40466333333333       0.902998750000000      -0.727774384214217     
   2.40466333333333        1.20333166666667      -0.728607038389507     
   2.40466333333333        1.50366458333333      -0.730764413055881     
   2.40466333333333        1.80399750000000      -0.735182408571097     
   2.40466333333333        2.10433041666667      -0.741951155981057     
   2.40466333333333        2.40466333333333      -0.750622190448449     
   2.40466333333333        2.70499625000000      -0.760185678322507     
   2.40466333333333        3.00532916666667      -0.769068571770653     
   2.40466333333333        3.30566208333333      -0.775428345085154     
   2.40466333333333        3.60599500000000      -0.777744390579487     
   2.40466333333333        3.90632791666667      -0.775424943186162     
   2.40466333333333        4.20666083333333      -0.769064143395225     
   2.40466333333333        4.50699375000000      -0.760183275099934     
   2.40466333333333        4.80732666666667      -0.750623250369093     
   2.40466333333333        5.10765958333333      -0.741954035978471     
   2.40466333333333        5.40799250000000      -0.735182515186501     
   2.40466333333333        5.70832541666667      -0.730755676630865     
   2.40466333333333        6.00865833333333      -0.728583929694080     
   2.40466333333333        6.30899125000000      -0.727734475886946     
   2.40466333333333        6.60932416666667      -0.725718180571749     
   2.40466333333333        6.90965708333333      -0.718130179788574     
   2.40466333333333        7.20999000000000      -0.700174363736123     
   2.70499625000000       2.000000000000000E-003 -0.743973696597290     
   2.70499625000000       0.302332916666667      -0.760294114017248     
   2.70499625000000       0.602665833333333      -0.761309153632995     
   2.70499625000000       0.902998750000000      -0.754094436009640     
   2.70499625000000        1.20333166666667      -0.747427679631340     
   2.70499625000000        1.50366458333333      -0.745360835114704     
   2.70499625000000        1.80399750000000      -0.747483305407517     
   2.70499625000000        2.10433041666667      -0.752779255429146     
   2.70499625000000        2.40466333333333      -0.760190584226331     
   2.70499625000000        2.70499625000000      -0.768517682774594     
   2.70499625000000        3.00532916666667      -0.776273244923497     
   2.70499625000000        3.30566208333333      -0.781824484746423     
   2.70499625000000        3.60599500000000      -0.783845838039061     
   2.70499625000000        3.90632791666667      -0.781822951452872     
   2.70499625000000        4.20666083333333      -0.776271038854669     
   2.70499625000000        4.50699375000000      -0.768515557293331     
   2.70499625000000        4.80732666666667      -0.760187911080014     
   2.70499625000000        5.10765958333333      -0.752773262178861     
   2.70499625000000        5.40799250000000      -0.747469154715029     
   2.70499625000000        5.70832541666667      -0.745332040403185     
   2.70499625000000        6.00865833333333      -0.747375827163960     
   2.70499625000000        6.30899125000000      -0.754008500143285     
   2.70499625000000        6.60932416666667      -0.761193909604001     
   2.70499625000000        6.90965708333333      -0.760199084321478     
   2.70499625000000        7.20999000000000      -0.743961195103164     
   3.00532916666667       2.000000000000000E-003 -0.796544146595667     
   3.00532916666667       0.302332916666667      -0.811085086668863     
   3.00532916666667       0.602665833333333      -0.803906183036153     
   3.00532916666667       0.902998750000000      -0.785799277587238     
   3.00532916666667        1.20333166666667      -0.768323398054056     
   3.00532916666667        1.50366458333333      -0.760071824019316     
   3.00532916666667        1.80399750000000      -0.759253032080436     
   3.00532916666667        2.10433041666667      -0.762904020636013     
   3.00532916666667        2.40466333333333      -0.769076798077479     
   3.00532916666667        2.70499625000000      -0.776276176985168     
   3.00532916666667        3.00532916666667      -0.783039747687078     
   3.00532916666667        3.30566208333333      -0.787892121667456     
   3.00532916666667        3.60599500000000      -0.789660543508293     
   3.00532916666667        3.90632791666667      -0.787891413206598     
   3.00532916666667        4.20666083333333      -0.783038374002558     
   3.00532916666667        4.50699375000000      -0.776273749290355     
   3.00532916666667        4.80732666666667      -0.769071892607806     
   3.00532916666667        5.10765958333333      -0.762893830434073     
   3.00532916666667        5.40799250000000      -0.759233238891530     
   3.00532916666667        5.70832541666667      -0.760035786594816     
   3.00532916666667        6.00865833333333      -0.768258199616163     
   3.00532916666667        6.30899125000000      -0.785682548250975     
   3.00532916666667        6.60932416666667      -0.803741479343015     
   3.00532916666667        6.90965708333333      -0.810936720777107     
   3.00532916666667        7.20999000000000      -0.796528123820690     
   3.30566208333333       2.000000000000000E-003 -0.839425439582210     
   3.30566208333333       0.302332916666667      -0.853446926565881     
   3.30566208333333       0.602665833333333      -0.840463451940418     
   3.30566208333333       0.902998750000000      -0.812388562232266     
   3.30566208333333        1.20333166666667      -0.785941304130976     
   3.30566208333333        1.50366458333333      -0.771357325191414     
   3.30566208333333        1.80399750000000      -0.767883481053315     
   3.30566208333333        2.10433041666667      -0.770194353984905     
   3.30566208333333        2.40466333333333      -0.775438157682133     
   3.30566208333333        2.70499625000000      -0.781828515852543     
   3.30566208333333        3.00532916666667      -0.787893024235443     
   3.30566208333333        3.30566208333333      -0.792256315461522     
   3.30566208333333        3.60599500000000      -0.793848096627261     
   3.30566208333333        3.90632791666667      -0.792255958651263     
   3.30566208333333        4.20666083333333      -0.787892146243227     
   3.30566208333333        4.50699375000000      -0.781826610997993     
   3.30566208333333        4.80732666666667      -0.775434161650078     
   3.30566208333333        5.10765958333333      -0.770186506437072     
   3.30566208333333        5.40799250000000      -0.767869116019413     
   3.30566208333333        5.70832541666667      -0.771331723806883     
   3.30566208333333        6.00865833333333      -0.785892540333831     
   3.30566208333333        6.30899125000000      -0.812297745124233     
   3.30566208333333        6.60932416666667      -0.840321442791426     
   3.30566208333333        6.90965708333333      -0.853295712111943     
   3.30566208333333        7.20999000000000      -0.839414849608878     
   3.60599500000000       2.000000000000000E-003 -0.868790105372747     
   3.60599500000000       0.302332916666667      -0.870003870328209     
   3.60599500000000       0.602665833333333      -0.854891422701311     
   3.60599500000000       0.902998750000000      -0.822867796806449     
   3.60599500000000        1.20333166666667      -0.792878624073896     
   3.60599500000000        1.50366458333333      -0.775635724502704     
   3.60599500000000        1.80399750000000      -0.771066785599431     
   3.60599500000000        2.10433041666667      -0.772856652621951     
   3.60599500000000        2.40466333333333      -0.777754598303334     
   3.60599500000000        2.70499625000000      -0.783850053428621     
   3.60599500000000        3.00532916666667      -0.789661526603419     
   3.60599500000000        3.30566208333333      -0.793848153399244     
   3.60599500000000        3.60599500000000      -0.795376176518480     
   3.60599500000000        3.90632791666667      -0.793848015060384     
   3.60599500000000        4.20666083333333      -0.789661237961458     
   3.60599500000000        4.50699375000000      -0.783849599992432     
   3.60599500000000        4.80732666666667      -0.777753971215640     
   3.60599500000000        5.10765958333333      -0.772855842346301     
   3.60599500000000        5.40799250000000      -0.771065753919197     
   3.60599500000000        5.70832541666667      -0.775634351112070     
   3.60599500000000        6.00865833333333      -0.792876719025570     
   3.60599500000000        6.30899125000000      -0.822865510077539     
   3.60599500000000        6.60932416666667      -0.854889147347168     
   3.60599500000000        6.90965708333333      -0.870002373687014     
   3.60599500000000        7.20999000000000      -0.868789511625733     
   3.90632791666667       2.000000000000000E-003 -0.839416182643134     
   3.90632791666667       0.302332916666667      -0.853298107462866     
   3.90632791666667       0.602665833333333      -0.840324387167146     
   3.90632791666667       0.902998750000000      -0.812300424443165     
   3.90632791666667        1.20333166666667      -0.785894641904274     
   3.90632791666667        1.50366458333333      -0.771333113484826     
   3.90632791666667        1.80399750000000      -0.767870117157008     
   3.90632791666667        2.10433041666667      -0.770187249251473     
   3.90632791666667        2.40466333333333      -0.775434687949473     
   3.90632791666667        2.70499625000000      -0.781826934414652     
   3.90632791666667        3.00532916666667      -0.787892282956846     
   3.90632791666667        3.30566208333333      -0.792255933729130     
   3.90632791666667        3.60599500000000      -0.793847934443097     
   3.90632791666667        3.90632791666667      -0.792256028361359     
   3.90632791666667        4.20666083333333      -0.787892610836031     
   3.90632791666667        4.50699375000000      -0.781827969533127     
   3.90632791666667        4.80732666666667      -0.775437475317350     
   3.90632791666667        5.10765958333333      -0.770193533069864     
   3.90632791666667        5.40799250000000      -0.767882500938443     
   3.90632791666667        5.70832541666667      -0.771356117518239     
   3.90632791666667        6.00865833333333      -0.785939728615555     
   3.90632791666667        6.30899125000000      -0.812386877200288     
   3.90632791666667        6.60932416666667      -0.840462028456591     
   3.90632791666667        6.90965708333333      -0.853446298077584     
   3.90632791666667        7.20999000000000      -0.839425783196033     
   4.20666083333333       2.000000000000000E-003 -0.796529785751902     
   4.20666083333333       0.302332916666667      -0.810939019305103     
   4.20666083333333       0.602665833333333      -0.803744198861811     
   4.20666083333333       0.902998750000000      -0.785684995134650     
   4.20666083333333        1.20333166666667      -0.768260000816083     
   4.20666083333333        1.50366458333333      -0.760037007614074     
   4.20666083333333        1.80399750000000      -0.759234104792003     
   4.20666083333333        2.10433041666667      -0.762894433360175     
   4.20666083333333        2.40466333333333      -0.769072260971260     
   4.20666083333333        2.70499625000000      -0.776273896012265     
   4.20666083333333        3.00532916666667      -0.783038322669768     
   4.20666083333333        3.30566208333333      -0.787891200920108     
   4.20666083333333        3.60599500000000      -0.789660207974964     
   4.20666083333333        3.90632791666667      -0.787891687011412     
   4.20666083333333        4.20666083333333      -0.783039220863443     
   4.20666083333333        4.50699375000000      -0.776275555914165     
   4.20666083333333        4.80732666666667      -0.769076082236416     
   4.20666083333333        5.10765958333333      -0.762903213264665     
   4.20666083333333        5.40799250000000      -0.759252131781104     
   4.20666083333333        5.70832541666667      -0.760070816678204     
   4.20666083333333        6.00865833333333      -0.768322274262508     
   4.20666083333333        6.30899125000000      -0.785798224574421     
   4.20666083333333        6.60932416666667      -0.803905554612915     
   4.20666083333333        6.90965708333333      -0.811085113117949     
   4.20666083333333        7.20999000000000      -0.796545106517853     
   4.50699375000000       2.000000000000000E-003 -0.743962561868119     
   4.50699375000000       0.302332916666667      -0.760201047697259     
   4.50699375000000       0.602665833333333      -0.761195987341703     
   4.50699375000000       0.902998750000000      -0.754010313608808     
   4.50699375000000        1.20333166666667      -0.747377126801786     
   4.50699375000000        1.50366458333333      -0.745332966273742     
   4.50699375000000        1.80399750000000      -0.747469800465480     
   4.50699375000000        2.10433041666667      -0.752773663192016     
   4.50699375000000        2.40466333333333      -0.760188073000800     
   4.50699375000000        2.70499625000000      -0.768515488720298     
   4.50699375000000        3.00532916666667      -0.776270769850627     
   4.50699375000000        3.30566208333333      -0.781822531108484     
   4.50699375000000        3.60599500000000      -0.783845317204075     
   4.50699375000000        3.90632791666667      -0.781823898293819     
   4.50699375000000        4.20666083333333      -0.776272605895499     
   4.50699375000000        4.50699375000000      -0.768516990231529     
   4.50699375000000        4.80732666666667      -0.760189836097590     
   4.50699375000000        5.10765958333333      -0.752778455704033     
   4.50699375000000        5.40799250000000      -0.747482463253688     
   4.50699375000000        5.70832541666667      -0.745359965997924     
   4.50699375000000        6.00865833333333      -0.747426827653198     
   4.50699375000000        6.30899125000000      -0.754093736900754     
   4.50699375000000        6.60932416666667      -0.761308873465295     
   4.50699375000000        6.90965708333333      -0.760294468177966     
   4.50699375000000        7.20999000000000      -0.743974713468529     
   4.80732666666667       2.000000000000000E-003 -0.700175116165320     
   4.80732666666667       0.302332916666667      -0.718131300792947     
   4.80732666666667       0.602665833333333      -0.725719343726023     
   4.80732666666667       0.902998750000000      -0.727735481851182     
   4.80732666666667        1.20333166666667      -0.728584723043891     
   4.80732666666667        1.50366458333333      -0.730756263217045     
   4.80732666666667        1.80399750000000      -0.735182898566257     
   4.80732666666667        2.10433041666667      -0.741954201507797     
   4.80732666666667        2.40466333333333      -0.750623180623295     
   4.80732666666667        2.70499625000000      -0.760182972954435     
   4.80732666666667        3.00532916666667      -0.769063644043207     
   4.80732666666667        3.30566208333333      -0.775424306871639     
   4.80732666666667        3.60599500000000      -0.777743680931093     
   4.80732666666667        3.90632791666667      -0.775427607081402     
   4.80732666666667        4.20666083333333      -0.769067822706466     
   4.80732666666667        4.50699375000000      -0.760184915025952     
   4.80732666666667        4.80732666666667      -0.750621404482923     
   4.80732666666667        5.10765958333333      -0.741950345306200     
   4.80732666666667        5.40799250000000      -0.735181581372604     
   4.80732666666667        5.70832541666667      -0.730763590354810     
   4.80732666666667        6.00865833333333      -0.728606266758006     
   4.80732666666667        6.30899125000000      -0.727773760722249     
   4.80732666666667        6.60932416666667      -0.725768806134724     
   4.80732666666667        6.90965708333333      -0.718171162235805     
   4.80732666666667        7.20999000000000      -0.700176946783738     
   5.10765958333333       2.000000000000000E-003 -0.673036346472956     
   5.10765958333333       0.302332916666667      -0.692148840933197     
   5.10765958333333       0.602665833333333      -0.703750575566386     
   5.10765958333333       0.902998750000000      -0.710209964959001     
   5.10765958333333        1.20333166666667      -0.714415605389000     
   5.10765958333333        1.50366458333333      -0.718661522947431     
   5.10765958333333        1.80399750000000      -0.724367156262881     
   5.10765958333333        2.10433041666667      -0.732168643379080     
   5.10765958333333        2.40466333333333      -0.741948937729288     
   5.10765958333333        2.70499625000000      -0.752762970942175     
   5.10765958333333        3.00532916666667      -0.762879580858459     
   5.10765958333333        3.30566208333333      -0.770169998663315     
   5.10765958333333        3.60599500000000      -0.772838618867641     
   5.10765958333333        3.90632791666667      -0.770176986617955     
   5.10765958333333        4.20666083333333      -0.762888905950363     
   5.10765958333333        4.50699375000000      -0.752768120235252     
   5.10765958333333        4.80732666666667      -0.741945250382907     
   5.10765958333333        5.10765958333333      -0.732155741018114     
   5.10765958333333        5.40799250000000      -0.724348951845212     
   5.10765958333333        5.70832541666667      -0.718644131643781     
   5.10765958333333        6.00865833333333      -0.714404422945789     
   5.10765958333333        6.30899125000000      -0.710207119419984     
   5.10765958333333        6.60932416666667      -0.703753350786140     
   5.10765958333333        6.90965708333333      -0.692149590931585     
   5.10765958333333        7.20999000000000      -0.673026029213449     
   5.40799250000000       2.000000000000000E-003 -0.661092742433091     
   5.40799250000000       0.302332916666667      -0.680340660494630     
   5.40799250000000       0.602665833333333      -0.692875880538196     
   5.40799250000000       0.902998750000000      -0.700609780482793     
   5.40799250000000        1.20333166666667      -0.705645939011424     
   5.40799250000000        1.50366458333333      -0.710085225309775     
   5.40799250000000        1.80399750000000      -0.716007476537425     
   5.40799250000000        2.10433041666667      -0.724364022260025     
   5.40799250000000        2.40466333333333      -0.735174524986047     
   5.40799250000000        2.70499625000000      -0.747455824922676     
   5.40799250000000        3.00532916666667      -0.759215614999160     
   5.40799250000000        3.30566208333333      -0.767848899920334     
   5.40799250000000        3.60599500000000      -0.771044680709409     
   5.40799250000000        3.90632791666667      -0.767862227654270     
   5.40799250000000        4.20666083333333      -0.759234415680400     
   5.40799250000000        4.50699375000000      -0.747469044358860     
   5.40799250000000        4.80732666666667      -0.735173547112603     
   5.40799250000000        5.10765958333333      -0.724345969737175     
   5.40799250000000        5.40799250000000      -0.715975201300384     
   5.40799250000000        5.70832541666667      -0.710044815801712     
   5.40799250000000        6.00865833333333      -0.705603926320554     
   5.40799250000000        6.30899125000000      -0.700572684317557     
   5.40799250000000        6.60932416666667      -0.692845211105477     
   5.40799250000000        6.90965708333333      -0.680313639718885     
   5.40799250000000        7.20999000000000      -0.661067345618928     
   5.70832541666667       2.000000000000000E-003 -0.660880126469592     
   5.70832541666667       0.302332916666667      -0.679124625278761     
   5.70832541666667       0.602665833333333      -0.690065137923197     
   5.70832541666667       0.902998750000000      -0.696594183197131     
   5.70832541666667        1.20333166666667      -0.700959124766159     
   5.70832541666667        1.50366458333333      -0.704833808146379     
   5.70832541666667        1.80399750000000      -0.710085494529659     
   5.70832541666667        2.10433041666667      -0.718658944202855     
   5.70832541666667        2.40466333333333      -0.730749008346894     
   5.70832541666667        2.70499625000000      -0.745320812135777     
   5.70832541666667        3.00532916666667      -0.760021123480903     
   5.70832541666667        3.30566208333333      -0.771315252483521     
   5.70832541666667        3.60599500000000      -0.775617362671979     
   5.70832541666667        3.90632791666667      -0.771339586958570     
   5.70832541666667        4.20666083333333      -0.760056055984168     
   5.70832541666667        4.50699375000000      -0.745348642214741     
   5.70832541666667        4.80732666666667      -0.730756876470827     
   5.70832541666667        5.10765958333333      -0.718641856068847     
   5.70832541666667        5.40799250000000      -0.710045210283751     
   5.70832541666667        5.70832541666667      -0.704776733365208     
   5.70832541666667        6.00865833333333      -0.700897154086253     
   5.70832541666667        6.30899125000000      -0.696535564694943     
   5.70832541666667        6.60932416666667      -0.690009376316220     
   5.70832541666667        6.90965708333333      -0.679067950132058     
   5.70832541666667        7.20999000000000      -0.660826496623837     
   6.00865833333333       2.000000000000000E-003 -0.671635313445006     
   6.00865833333333       0.302332916666667      -0.686822256281441     
   6.00865833333333       0.602665833333333      -0.692868175804420     
   6.00865833333333       0.902998750000000      -0.695920250967955     
   6.00865833333333        1.20333166666667      -0.698246115315600     
   6.00865833333333        1.50366458333333      -0.700962481562994     
   6.00865833333333        1.80399750000000      -0.705650048773212     
   6.00865833333333        2.10433041666667      -0.714417518625808     
   6.00865833333333        2.40466333333333      -0.728583407364438     
   6.00865833333333        2.70499625000000      -0.747373126817428     
   6.00865833333333        3.00532916666667      -0.768255256537132     
   6.00865833333333        3.30566208333333      -0.785891191790244     
   6.00865833333333        3.60599500000000      -0.792876408211816     
   6.00865833333333        3.90632791666667      -0.785938344900034     
   6.00865833333333        4.20666083333333      -0.768319265737315     
   6.00865833333333        4.50699375000000      -0.747424069402005     
   6.00865833333333        4.80732666666667      -0.728605749685481     
   6.00865833333333        5.10765958333333      -0.714406800700546     
   6.00865833333333        5.40799250000000      -0.705608269778174     
   6.00865833333333        5.70832541666667      -0.700900594608203     
   6.00865833333333        6.00865833333333      -0.698178320050218     
   6.00865833333333        6.30899125000000      -0.695853347879488     
   6.00865833333333        6.60932416666667      -0.692794136618102     
   6.00865833333333        6.90965708333333      -0.686727290849733     
   6.00865833333333        7.20999000000000      -0.671531228431807     
   6.30899125000000       2.000000000000000E-003 -0.694367456495822     
   6.30899125000000       0.302332916666667      -0.701783076029841     
   6.30899125000000       0.602665833333333      -0.698650131216452     
   6.30899125000000       0.902998750000000      -0.696713922519724     
   6.30899125000000        1.20333166666667      -0.695924522718336     
   6.30899125000000        1.50366458333333      -0.696602088515977     
   6.30899125000000        1.80399750000000      -0.700619425978579     
   6.30899125000000        2.10433041666667      -0.710218894917615     
   6.30899125000000        2.40466333333333      -0.727743437958928     
   6.30899125000000        2.70499625000000      -0.754019477806352     
   6.30899125000000        3.00532916666667      -0.785699546540154     
   6.30899125000000        3.30566208333333      -0.812322907698114     
   6.30899125000000        3.60599500000000      -0.822894782731029     
   6.30899125000000        3.90632791666667      -0.812412040192631     
   6.30899125000000        4.20666083333333      -0.785815212673157     
   6.30899125000000        4.50699375000000      -0.754104719086818     
   6.30899125000000        4.80732666666667      -0.727782810564024     
   6.30899125000000        5.10765958333333      -0.710216667696348     
   6.30899125000000        5.40799250000000      -0.700582641057377     
   6.30899125000000        5.70832541666667      -0.696543601233880     
   6.30899125000000        6.00865833333333      -0.695857657477582     
   6.30899125000000        6.30899125000000      -0.696644579563936     
   6.30899125000000        6.60932416666667      -0.698561636732033     
   6.30899125000000        6.90965708333333      -0.701636988863370     
   6.30899125000000        7.20999000000000      -0.694182196458447     
   6.60932416666667       2.000000000000000E-003 -0.726408650318985     
   6.60932416666667       0.302332916666667      -0.718367857047152     
   6.60932416666667       0.602665833333333      -0.705450197719096     
   6.60932416666667       0.902998750000000      -0.698653682972070     
   6.60932416666667        1.20333166666667      -0.692875881623701     
   6.60932416666667        1.50366458333333      -0.690076752785975     
   6.60932416666667        1.80399750000000      -0.692890281577956     
   6.60932416666667        2.10433041666667      -0.703766398268340     
   6.60932416666667        2.40466333333333      -0.725736746231217     
   6.60932416666667        2.70499625000000      -0.761218899485860     
   6.60932416666667        3.00532916666667      -0.803778264540101     
   6.60932416666667        3.30566208333333      -0.840373661665327     
   6.60932416666667        3.60599500000000      -0.854949505053408     
   6.60932416666667        3.90632791666667      -0.840514277075270     
   6.60932416666667        4.20666083333333      -0.803942362756938     
   6.60932416666667        4.50699375000000      -0.761333907563097     
   6.60932416666667        4.80732666666667      -0.725787531679218     
   6.60932416666667        5.10765958333333      -0.703769889192422     
   6.60932416666667        5.40799250000000      -0.692859944928231     
   6.60932416666667        5.70832541666667      -0.690021068234747     
   6.60932416666667        6.00865833333333      -0.692801823606898     
   6.60932416666667        6.30899125000000      -0.698565190443667     
   6.60932416666667        6.60932416666667      -0.705337357041617     
   6.60932416666667        6.90965708333333      -0.718175794510044     
   6.60932416666667        7.20999000000000      -0.726133855330852     
   6.90965708333333       2.000000000000000E-003 -0.742114310229579     
   6.90965708333333       0.302332916666667      -0.728680516453494     
   6.90965708333333       0.602665833333333      -0.718370286162242     
   6.90965708333333       0.902998750000000      -0.701788823417470     
   6.90965708333333        1.20333166666667      -0.686831669459304     
   6.90965708333333        1.50366458333333      -0.679137908355504     
   6.90965708333333        1.80399750000000      -0.680357528525211     
   6.90965708333333        2.10433041666667      -0.692168755653700     
   6.90965708333333        2.40466333333333      -0.718154929223991     
   6.90965708333333        2.70499625000000      -0.760231857270506     
   6.90965708333333        3.00532916666667      -0.810982185166876     
   6.90965708333333        3.30566208333333      -0.853357203957692     
   6.90965708333333        3.60599500000000      -0.870072558665288     
   6.90965708333333        3.90632791666667      -0.853507811234448     
   6.90965708333333        4.20666083333333      -0.811130576025569     
   6.90965708333333        4.50699375000000      -0.760327277403612     
   6.90965708333333        4.80732666666667      -0.718196096835878     
   6.90965708333333        5.10765958333333      -0.692170173279705     
   6.90965708333333        5.40799250000000      -0.680330750376422     
   6.90965708333333        5.70832541666667      -0.679081137810330     
   6.90965708333333        6.00865833333333      -0.686736325384951     
   6.90965708333333        6.30899125000000      -0.701642318029189     
   6.90965708333333        6.60932416666667      -0.718178321308552     
   6.90965708333333        6.90965708333333      -0.728503211095184     
   6.90965708333333        7.20999000000000      -0.741897167379918     
   7.20999000000000       2.000000000000000E-003 -0.727881743418426     
   7.20999000000000       0.302332916666667      -0.742115944029511     
   7.20999000000000       0.602665833333333      -0.726414038341437     
   7.20999000000000       0.902998750000000      -0.694374584075932     
   7.20999000000000        1.20333166666667      -0.671645054380607     
   7.20999000000000        1.50366458333333      -0.660893279390552     
   7.20999000000000        1.80399750000000      -0.661109536841450     
   7.20999000000000        2.10433041666667      -0.673056795582133     
   7.20999000000000        2.40466333333333      -0.700200004702331     
   7.20999000000000        2.70499625000000      -0.743994186097413     
   7.20999000000000        3.00532916666667      -0.796571142210986     
   7.20999000000000        3.30566208333333      -0.839467925418793     
   7.20999000000000        3.60599500000000      -0.868841343500829     
   7.20999000000000        3.90632791666667      -0.839478812783473     
   7.20999000000000        4.20666083333333      -0.796588037162530     
   7.20999000000000        4.50699375000000      -0.744007694419798     
   7.20999000000000        4.80732666666667      -0.700202762729036     
   7.20999000000000        5.10765958333333      -0.673046933943961     
   7.20999000000000        5.40799250000000      -0.661084179033051     
   7.20999000000000        5.70832541666667      -0.660839259280826     
   7.20999000000000        6.00865833333333      -0.671540038440314     
   7.20999000000000        6.30899125000000      -0.694187788781800     
   7.20999000000000        6.60932416666667      -0.726137387063261     
   7.20999000000000        6.90965708333333      -0.741898484352082     
   7.20999000000000        7.20999000000000      -0.727810141127720     
