  2.000000000000000E-003  2.000000000000000E-003  -1.27399223784619     
  2.000000000000000E-003  0.302332916666667       -1.29828626384920     
  2.000000000000000E-003  0.602665833333333       -1.26217765373458     
  2.000000000000000E-003  0.902998750000000       -1.19067212346741     
  2.000000000000000E-003   1.20333166666667       -1.13316195463583     
  2.000000000000000E-003   1.50366458333333       -1.09264262091946     
  2.000000000000000E-003   1.80399750000000       -1.06528756020054     
  2.000000000000000E-003   2.10433041666667       -1.05123491836943     
  2.000000000000000E-003   2.40466333333333       -1.05562366143354     
  2.000000000000000E-003   2.70499625000000       -1.08007641409743     
  2.000000000000000E-003   3.00532916666667       -1.11416886208476     
  2.000000000000000E-003   3.30566208333333       -1.13813240367509     
  2.000000000000000E-003   3.60599500000000       -1.14289944735127     
  2.000000000000000E-003   3.90632791666667       -1.07209635561221     
  2.000000000000000E-003   4.20666083333333      -0.984633310093001     
  2.000000000000000E-003   4.50699375000000      -0.887648226647425     
  2.000000000000000E-003   4.80732666666667      -0.805552495409497     
  2.000000000000000E-003   5.10765958333333      -0.747208340062235     
  2.000000000000000E-003   5.40799250000000      -0.710577934207622     
  2.000000000000000E-003   5.70832541666667      -0.690872554336585     
  2.000000000000000E-003   6.00865833333333      -0.686162336608564     
  2.000000000000000E-003   6.30899125000000      -0.696096577456369     
  2.000000000000000E-003   6.60932416666667      -0.716243032631645     
  2.000000000000000E-003   6.90965708333333      -0.719128598762571     
  2.000000000000000E-003   7.20999000000000      -0.694989738435390     
  0.302332916666667       2.000000000000000E-003  -1.29827853532096     
  0.302332916666667       0.302332916666667       -1.24975653504068     
  0.302332916666667       0.602665833333333       -1.23605575209219     
  0.302332916666667       0.902998750000000       -1.20968329817855     
  0.302332916666667        1.20333166666667       -1.17357501468097     
  0.302332916666667        1.50366458333333       -1.13996321452950     
  0.302332916666667        1.80399750000000       -1.11301600088522     
  0.302332916666667        2.10433041666667       -1.09555987528563     
  0.302332916666667        2.40466333333333       -1.09489367236988     
  0.302332916666667        2.70499625000000       -1.11346559346245     
  0.302332916666667        3.00532916666667       -1.13857730987919     
  0.302332916666667        3.30566208333333       -1.15341598397993     
  0.302332916666667        3.60599500000000       -1.14004865849095     
  0.302332916666667        3.90632791666667       -1.08217118421329     
  0.302332916666667        4.20666083333333      -0.991940653077446     
  0.302332916666667        4.50699375000000      -0.895537749352835     
  0.302332916666667        4.80732666666667      -0.814727653962423     
  0.302332916666667        5.10765958333333      -0.757287067542646     
  0.302332916666667        5.40799250000000      -0.720309996489947     
  0.302332916666667        5.70832541666667      -0.699017622821043     
  0.302332916666667        6.00865833333333      -0.690749597665611     
  0.302332916666667        6.30899125000000      -0.693137347966189     
  0.302332916666667        6.60932416666667      -0.699726046147129     
  0.302332916666667        6.90965708333333      -0.699421738392228     
  0.302332916666667        7.20999000000000      -0.698185294019694     
  0.602665833333333       2.000000000000000E-003  -1.26216450532887     
  0.602665833333333       0.302332916666667       -1.23604813773972     
  0.602665833333333       0.602665833333333       -1.21491431252910     
  0.602665833333333       0.902998750000000       -1.20947933335482     
  0.602665833333333        1.20333166666667       -1.19408519052800     
  0.602665833333333        1.50366458333333       -1.17086618585843     
  0.602665833333333        1.80399750000000       -1.14595101087041     
  0.602665833333333        2.10433041666667       -1.12473127687579     
  0.602665833333333        2.40466333333333       -1.11493186809857     
  0.602665833333333        2.70499625000000       -1.12251369269971     
  0.602665833333333        3.00532916666667       -1.13291790774257     
  0.602665833333333        3.30566208333333       -1.13307226437655     
  0.602665833333333        3.60599500000000       -1.10731733764361     
  0.602665833333333        3.90632791666667       -1.04766838130216     
  0.602665833333333        4.20666083333333      -0.964036227571391     
  0.602665833333333        4.50699375000000      -0.878529149542232     
  0.602665833333333        4.80732666666667      -0.807170073391622     
  0.602665833333333        5.10765958333333      -0.755731436346453     
  0.602665833333333        5.40799250000000      -0.720675019169716     
  0.602665833333333        5.70832541666667      -0.698315880180339     
  0.602665833333333        6.00865833333333      -0.685582657294630     
  0.602665833333333        6.30899125000000      -0.679341635311585     
  0.602665833333333        6.60932416666667      -0.676532078706949     
  0.602665833333333        6.90965708333333      -0.678402528733237     
  0.602665833333333        7.20999000000000      -0.674353955227473     
  0.902998750000000       2.000000000000000E-003  -1.19065922855731     
  0.902998750000000       0.302332916666667       -1.20967272030353     
  0.902998750000000       0.602665833333333       -1.20947343636532     
  0.902998750000000       0.902998750000000       -1.21025179885117     
  0.902998750000000        1.20333166666667       -1.20358189453019     
  0.902998750000000        1.50366458333333       -1.18674253420132     
  0.902998750000000        1.80399750000000       -1.16302636890040     
  0.902998750000000        2.10433041666667       -1.13734017020978     
  0.902998750000000        2.40466333333333       -1.11948549853552     
  0.902998750000000        2.70499625000000       -1.11047273015942     
  0.902998750000000        3.00532916666667       -1.10333468302649     
  0.902998750000000        3.30566208333333       -1.08542773922567     
  0.902998750000000        3.60599500000000       -1.04813772137857     
  0.902998750000000        3.90632791666667      -0.989509854850213     
  0.902998750000000        4.20666083333333      -0.917973113305414     
  0.902998750000000        4.50699375000000      -0.847572922132204     
  0.902998750000000        4.80732666666667      -0.789542601917451     
  0.902998750000000        5.10765958333333      -0.745692282735293     
  0.902998750000000        5.40799250000000      -0.713903651791326     
  0.902998750000000        5.70832541666667      -0.691800333182947     
  0.902998750000000        6.00865833333333      -0.676702731136832     
  0.902998750000000        6.30899125000000      -0.666219532955810     
  0.902998750000000        6.60932416666667      -0.658942442880045     
  0.902998750000000        6.90965708333333      -0.653248197446695     
  0.902998750000000        7.20999000000000      -0.638983712753898     
   1.20333166666667       2.000000000000000E-003  -1.13314537145471     
   1.20333166666667       0.302332916666667       -1.17356003586393     
   1.20333166666667       0.602665833333333       -1.19407384441446     
   1.20333166666667       0.902998750000000       -1.20357605226594     
   1.20333166666667        1.20333166666667       -1.20167108667495     
   1.20333166666667        1.50366458333333       -1.18765532541786     
   1.20333166666667        1.80399750000000       -1.16344016472374     
   1.20333166666667        2.10433041666667       -1.13609282086190     
   1.20333166666667        2.40466333333333       -1.11225396222635     
   1.20333166666667        2.70499625000000       -1.08855049234232     
   1.20333166666667        3.00532916666667       -1.06242759960560     
   1.20333166666667        3.30566208333333       -1.02994368023869     
   1.20333166666667        3.60599500000000      -0.985774981099926     
   1.20333166666667        3.90632791666667      -0.930444899465333     
   1.20333166666667        4.20666083333333      -0.870534973292460     
   1.20333166666667        4.50699375000000      -0.814855492096954     
   1.20333166666667        4.80732666666667      -0.767974249682962     
   1.20333166666667        5.10765958333333      -0.730826124388284     
   1.20333166666667        5.40799250000000      -0.702664271828360     
   1.20333166666667        5.70832541666667      -0.681907363013081     
   1.20333166666667        6.00865833333333      -0.666341341723789     
   1.20333166666667        6.30899125000000      -0.653944129090733     
   1.20333166666667        6.60932416666667      -0.642980734419376     
   1.20333166666667        6.90965708333333      -0.630694399974451     
   1.20333166666667        7.20999000000000      -0.611733890760695     
   1.50366458333333       2.000000000000000E-003  -1.09262062005719     
   1.50366458333333       0.302332916666667       -1.13994301059835     
   1.50366458333333       0.602665833333333       -1.17084990052267     
   1.50366458333333       0.902998750000000       -1.18673190450318     
   1.50366458333333        1.20333166666667       -1.18765061858835     
   1.50366458333333        1.50366458333333       -1.17389941502285     
   1.50366458333333        1.80399750000000       -1.14954994222059     
   1.50366458333333        2.10433041666667       -1.12347463878640     
   1.50366458333333        2.40466333333333       -1.09485080365071     
   1.50366458333333        2.70499625000000       -1.06198819071299     
   1.50366458333333        3.00532916666667       -1.02426845803912     
   1.50366458333333        3.30566208333333      -0.981432459987362     
   1.50366458333333        3.60599500000000      -0.933621279688025     
   1.50366458333333        3.90632791666667      -0.882566831804620     
   1.50366458333333        4.20666083333333      -0.831923637773328     
   1.50366458333333        4.50699375000000      -0.785614546362517     
   1.50366458333333        4.80732666666667      -0.746129539681247     
   1.50366458333333        5.10765958333333      -0.714206650954514     
   1.50366458333333        5.40799250000000      -0.689361179274577     
   1.50366458333333        5.70832541666667      -0.670412558184065     
   1.50366458333333        6.00865833333333      -0.655435021935922     
   1.50366458333333        6.30899125000000      -0.642391535796801     
   1.50366458333333        6.60932416666667      -0.629337163314101     
   1.50366458333333        6.90965708333333      -0.613951244831012     
   1.50366458333333        7.20999000000000      -0.593669934111731     
   1.80399750000000       2.000000000000000E-003  -1.06526195252949     
   1.80399750000000       0.302332916666667       -1.11299217439582     
   1.80399750000000       0.602665833333333       -1.14593154717269     
   1.80399750000000       0.902998750000000       -1.16301288931837     
   1.80399750000000        1.20333166666667       -1.16343275960990     
   1.80399750000000        1.50366458333333       -1.14954713347811     
   1.80399750000000        1.80399750000000       -1.12835565045827     
   1.80399750000000        2.10433041666667       -1.10121357282959     
   1.80399750000000        2.40466333333333       -1.06815494234377     
   1.80399750000000        2.70499625000000       -1.02965365879922     
   1.80399750000000        3.00532916666667      -0.986742779723776     
   1.80399750000000        3.30566208333333      -0.940712394910182     
   1.80399750000000        3.60599500000000      -0.893020935318399     
   1.80399750000000        3.90632791666667      -0.845521002681521     
   1.80399750000000        4.20666083333333      -0.800477715625362     
   1.80399750000000        4.50699375000000      -0.760062593115309     
   1.80399750000000        4.80732666666667      -0.725716654395449     
   1.80399750000000        5.10765958333333      -0.697859839737352     
   1.80399750000000        5.40799250000000      -0.675989054087581     
   1.80399750000000        5.70832541666667      -0.658951492072877     
   1.80399750000000        6.00865833333333      -0.645174095409159     
   1.80399750000000        6.30899125000000      -0.632636736917484     
   1.80399750000000        6.60932416666667      -0.619320591760659     
   1.80399750000000        6.90965708333333      -0.603342807390543     
   1.80399750000000        7.20999000000000      -0.583186844075059     
   2.10433041666667       2.000000000000000E-003  -1.05120916876746     
   2.10433041666667       0.302332916666667       -1.09553543022460     
   2.10433041666667       0.602665833333333       -1.12471114430379     
   2.10433041666667       0.902998750000000       -1.13732617092577     
   2.10433041666667        1.20333166666667       -1.13608422437547     
   2.10433041666667        1.50366458333333       -1.12346959200011     
   2.10433041666667        1.80399750000000       -1.10121087734876     
   2.10433041666667        2.10433041666667       -1.07072378737122     
   2.10433041666667        2.40466333333333       -1.03365801886439     
   2.10433041666667        2.70499625000000      -0.991978271960484     
   2.10433041666667        3.00532916666667      -0.947641815019711     
   2.10433041666667        3.30566208333333      -0.902290528609473     
   2.10433041666667        3.60599500000000      -0.857263300962109     
   2.10433041666667        3.90632791666667      -0.813860490047810     
   2.10433041666667        4.20666083333333      -0.773519647299347     
   2.10433041666667        4.50699375000000      -0.737666164778512     
   2.10433041666667        4.80732666666667      -0.707337630174054     
   2.10433041666667        5.10765958333333      -0.682862807394799     
   2.10433041666667        5.40799250000000      -0.663785251615968     
   2.10433041666667        5.70832541666667      -0.649018839728946     
   2.10433041666667        6.00865833333333      -0.637074236711548     
   2.10433041666667        6.30899125000000      -0.626188552781508     
   2.10433041666667        6.60932416666667      -0.614352095484204     
   2.10433041666667        6.90965708333333      -0.599505496794975     
   2.10433041666667        7.20999000000000      -0.580210920902575     
   2.40466333333333       2.000000000000000E-003  -1.05560056579793     
   2.40466333333333       0.302332916666667       -1.09487023019323     
   2.40466333333333       0.602665833333333       -1.11491186758829     
   2.40466333333333       0.902998750000000       -1.11947049383819     
   2.40466333333333        1.20333166666667       -1.11224318765617     
   2.40466333333333        1.50366458333333       -1.09484263309574     
   2.40466333333333        1.80399750000000       -1.06814846325962     
   2.40466333333333        2.10433041666667       -1.03365388163830     
   2.40466333333333        2.40466333333333      -0.993724788935445     
   2.40466333333333        2.70499625000000      -0.951026353074923     
   2.40466333333333        3.00532916666667      -0.907764133293193     
   2.40466333333333        3.30566208333333      -0.865306011030491     
   2.40466333333333        3.60599500000000      -0.824372184275008     
   2.40466333333333        3.90632791666667      -0.785547532248889     
   2.40466333333333        4.20666083333333      -0.749673229418982     
   2.40466333333333        4.50699375000000      -0.717830354243648     
   2.40466333333333        4.80732666666667      -0.690975544546921     
   2.40466333333333        5.10765958333333      -0.669533678840167     
   2.40466333333333        5.40799250000000      -0.653229406446469     
   2.40466333333333        5.70832541666667      -0.641208926075326     
   2.40466333333333        6.00865833333333      -0.632251375099403     
   2.40466333333333        6.30899125000000      -0.624770624832405     
   2.40466333333333        6.60932416666667      -0.616518490137227     
   2.40466333333333        6.90965708333333      -0.604578129752715     
   2.40466333333333        7.20999000000000      -0.586598371409800     
   2.70499625000000       2.000000000000000E-003  -1.08005614026499     
   2.70499625000000       0.302332916666667       -1.11344185655967     
   2.70499625000000       0.602665833333333       -1.12249142801195     
   2.70499625000000       0.902998750000000       -1.11045498017464     
   2.70499625000000        1.20333166666667       -1.08853637053938     
   2.70499625000000        1.50366458333333       -1.06197598146090     
   2.70499625000000        1.80399750000000       -1.02964247428251     
   2.70499625000000        2.10433041666667      -0.991968850937006     
   2.70499625000000        2.40466333333333      -0.951020705191923     
   2.70499625000000        2.70499625000000      -0.909356721621172     
   2.70499625000000        3.00532916666667      -0.868895262657259     
   2.70499625000000        3.30566208333333      -0.830461591219204     
   2.70499625000000        3.60599500000000      -0.794113962520062     
   2.70499625000000        3.90632791666667      -0.759850415218046     
   2.70499625000000        4.20666083333333      -0.728134976680141     
   2.70499625000000        4.50699375000000      -0.699912233290322     
   2.70499625000000        4.80732666666667      -0.676193723383246     
   2.70499625000000        5.10765958333333      -0.657585256271400     
   2.70499625000000        5.40799250000000      -0.644100922176176     
   2.70499625000000        5.70832541666667      -0.635334594800772     
   2.70499625000000        6.00865833333333      -0.630725966887833     
   2.70499625000000        6.30899125000000      -0.629383535308272     
   2.70499625000000        6.60932416666667      -0.627843171589947     
   2.70499625000000        6.90965708333333      -0.620235029341724     
   2.70499625000000        7.20999000000000      -0.603537391215320     
   3.00532916666667       2.000000000000000E-003  -1.11414784786979     
   3.00532916666667       0.302332916666667       -1.13854946501561     
   3.00532916666667       0.602665833333333       -1.13289035460762     
   3.00532916666667       0.902998750000000       -1.10331261175566     
   3.00532916666667        1.20333166666667       -1.06240964137275     
   3.00532916666667        1.50366458333333       -1.02425233584246     
   3.00532916666667        1.80399750000000      -0.986727373563078     
   3.00532916666667        2.10433041666667      -0.947627622553510     
   3.00532916666667        2.40466333333333      -0.907753079020912     
   3.00532916666667        2.70499625000000      -0.868889402276717     
   3.00532916666667        3.00532916666667      -0.832316634035617     
   3.00532916666667        3.30566208333333      -0.798277983102905     
   3.00532916666667        3.60599500000000      -0.766351125956660     
   3.00532916666667        3.90632791666667      -0.736212310802318     
   3.00532916666667        4.20666083333333      -0.708174165890648     
   3.00532916666667        4.50699375000000      -0.683166594998814     
   3.00532916666667        4.80732666666667      -0.662282677481423     
   3.00532916666667        5.10765958333333      -0.646303618383667     
   3.00532916666667        5.40799250000000      -0.635579362484135     
   3.00532916666667        5.70832541666667      -0.630360916476317     
   3.00532916666667        6.00865833333333      -0.631372449991530     
   3.00532916666667        6.30899125000000      -0.638717074100825     
   3.00532916666667        6.60932416666667      -0.645631926417117     
   3.00532916666667        6.90965708333333      -0.643165238247425     
   3.00532916666667        7.20999000000000      -0.627122858493659     
   3.30566208333333       2.000000000000000E-003  -1.13810017511828     
   3.30566208333333       0.302332916666667       -1.15337563992562     
   3.30566208333333       0.602665833333333       -1.13303364653884     
   3.30566208333333       0.902998750000000       -1.08539861909162     
   3.30566208333333        1.20333166666667       -1.02992200653683     
   3.30566208333333        1.50366458333333      -0.981413872910079     
   3.30566208333333        1.80399750000000      -0.940694989286127     
   3.30566208333333        2.10433041666667      -0.902274105149187     
   3.30566208333333        2.40466333333333      -0.865291995111454     
   3.30566208333333        2.70499625000000      -0.830451887987700     
   3.30566208333333        3.00532916666667      -0.798273535363574     
   3.30566208333333        3.30566208333333      -0.768519053540564     
   3.30566208333333        3.60599500000000      -0.740532712309609     
   3.30566208333333        3.90632791666667      -0.713932759535751     
   3.30566208333333        4.20666083333333      -0.689055232254839     
   3.30566208333333        4.50699375000000      -0.666865566833970     
   3.30566208333333        4.80732666666667      -0.648496086615982     
   3.30566208333333        5.10765958333333      -0.634830280219138     
   3.30566208333333        5.40799250000000      -0.626503060284354     
   3.30566208333333        5.70832541666667      -0.624455807765187     
   3.30566208333333        6.00865833333333      -0.631090505607833     
   3.30566208333333        6.30899125000000      -0.646382273001171     
   3.30566208333333        6.60932416666667      -0.662058488884017     
   3.30566208333333        6.90965708333333      -0.664076536910168     
   3.30566208333333        7.20999000000000      -0.647703879309511     
   3.60599500000000       2.000000000000000E-003  -1.14285797690838     
   3.60599500000000       0.302332916666667       -1.13999378791362     
   3.60599500000000       0.602665833333333       -1.10726540154550     
   3.60599500000000       0.902998750000000       -1.04810055709443     
   3.60599500000000        1.20333166666667      -0.985750203076657     
   3.60599500000000        1.50366458333333      -0.933602583605603     
   3.60599500000000        1.80399750000000      -0.893004719769025     
   3.60599500000000        2.10433041666667      -0.857248267280615     
   3.60599500000000        2.40466333333333      -0.824358886394930     
   3.60599500000000        2.70499625000000      -0.794103801594317     
   3.60599500000000        3.00532916666667      -0.766345057235190     
   3.60599500000000        3.30566208333333      -0.740530405637991     
   3.60599500000000        3.60599500000000      -0.715976091954218     
   3.60599500000000        3.90632791666667      -0.692412328949652     
   3.60599500000000        4.20666083333333      -0.670278324629300     
   3.60599500000000        4.50699375000000      -0.650559995597982     
   3.60599500000000        4.80732666666667      -0.634352081533849     
   3.60599500000000        5.10765958333333      -0.622531853015538     
   3.60599500000000        5.40799250000000      -0.615860576623719     
   3.60599500000000        5.70832541666667      -0.615649388934322     
   3.60599500000000        6.00865833333333      -0.625116208700237     
   3.60599500000000        6.30899125000000      -0.644122342059559     
   3.60599500000000        6.60932416666667      -0.664169755706025     
   3.60599500000000        6.90965708333333      -0.669360820649309     
   3.60599500000000        7.20999000000000      -0.662592834972202     
   3.90632791666667       2.000000000000000E-003  -1.07204070177972     
   3.90632791666667       0.302332916666667       -1.08210775044202     
   3.90632791666667       0.602665833333333       -1.04761024651935     
   3.90632791666667       0.902998750000000      -0.989468928867294     
   3.90632791666667        1.20333166666667      -0.930419695955938     
   3.90632791666667        1.50366458333333      -0.882550574517018     
   3.90632791666667        1.80399750000000      -0.845508723951322     
   3.90632791666667        2.10433041666667      -0.813849829988839     
   3.90632791666667        2.40466333333333      -0.785538035755180     
   3.90632791666667        2.70499625000000      -0.759842759051564     
   3.90632791666667        3.00532916666667      -0.736207242508731     
   3.90632791666667        3.30566208333333      -0.713930267192607     
   3.90632791666667        3.60599500000000      -0.692411568985703     
   3.90632791666667        3.90632791666667      -0.671541924658104     
   3.90632791666667        4.20666083333333      -0.651851280202877     
   3.90632791666667        4.50699375000000      -0.634293482280711     
   3.90632791666667        4.80732666666667      -0.619855221774582     
   3.90632791666667        5.10765958333333      -0.609312293713663     
   3.90632791666667        5.40799250000000      -0.603358635643466     
   3.90632791666667        5.70832541666667      -0.603153870989971     
   3.90632791666667        6.00865833333333      -0.611336092471737     
   3.90632791666667        6.30899125000000      -0.627956874382423     
   3.90632791666667        6.60932416666667      -0.644867976480801     
   3.90632791666667        6.90965708333333      -0.648324405036336     
   3.90632791666667        7.20999000000000      -0.633805829422487     
   4.20666083333333       2.000000000000000E-003 -0.984575537402687     
   4.20666083333333       0.302332916666667      -0.991880668661054     
   4.20666083333333       0.602665833333333      -0.963983399688152     
   4.20666083333333       0.902998750000000      -0.917935892023954     
   4.20666083333333        1.20333166666667      -0.870513273799235     
   4.20666083333333        1.50366458333333      -0.831911495810672     
   4.20666083333333        1.80399750000000      -0.800470427546060     
   4.20666083333333        2.10433041666667      -0.773514290127107     
   4.20666083333333        2.40466333333333      -0.749668492553164     
   4.20666083333333        2.70499625000000      -0.728130809967684     
   4.20666083333333        3.00532916666667      -0.708171024315973     
   4.20666083333333        3.30566208333333      -0.689053311600446     
   4.20666083333333        3.60599500000000      -0.670277304026655     
   4.20666083333333        3.90632791666667      -0.651850718585466     
   4.20666083333333        4.20666083333333      -0.634332934888270     
   4.20666083333333        4.50699375000000      -0.618599143612757     
   4.20666083333333        4.80732666666667      -0.605501972490351     
   4.20666083333333        5.10765958333333      -0.595680506392373     
   4.20666083333333        5.40799250000000      -0.589648990821844     
   4.20666083333333        5.70832541666667      -0.588105031737304     
   4.20666083333333        6.00865833333333      -0.592261276051916     
   4.20666083333333        6.30899125000000      -0.602457903088195     
   4.20666083333333        6.60932416666667      -0.612098724881681     
   4.20666083333333        6.90965708333333      -0.612521448437115     
   4.20666083333333        7.20999000000000      -0.599628111720554     
   4.50699375000000       2.000000000000000E-003 -0.887601128961772     
   4.50699375000000       0.302332916666667      -0.895490788947075     
   4.50699375000000       0.602665833333333      -0.878488572101498     
   4.50699375000000       0.902998750000000      -0.847544488677286     
   4.50699375000000        1.20333166666667      -0.814838969175326     
   4.50699375000000        1.50366458333333      -0.785606449428222     
   4.50699375000000        1.80399750000000      -0.760059338364254     
   4.50699375000000        2.10433041666667      -0.737664769792557     
   4.50699375000000        2.40466333333333      -0.717828976435381     
   4.50699375000000        2.70499625000000      -0.699910279319252     
   4.50699375000000        3.00532916666667      -0.683164280830045     
   4.50699375000000        3.30566208333333      -0.666863253775273     
   4.50699375000000        3.60599500000000      -0.650557806724446     
   4.50699375000000        3.90632791666667      -0.634291446672477     
   4.50699375000000        4.20666083333333      -0.618597642304286     
   4.50699375000000        4.50699375000000      -0.604270349584243     
   4.50699375000000        4.80732666666667      -0.592064985767215     
   4.50699375000000        5.10765958333333      -0.582521757677142     
   4.50699375000000        5.40799250000000      -0.575984935056072     
   4.50699375000000        5.70832541666667      -0.572716882249590     
   4.50699375000000        6.00865833333333      -0.572875953005256     
   4.50699375000000        6.30899125000000      -0.576014992959966     
   4.50699375000000        6.60932416666667      -0.578809407379000     
   4.50699375000000        6.90965708333333      -0.575568138923409     
   4.50699375000000        7.20999000000000      -0.563277723983397     
   4.80732666666667       2.000000000000000E-003 -0.805518745960340     
   4.80732666666667       0.302332916666667      -0.814694929691548     
   4.80732666666667       0.602665833333333      -0.807142007328424     
   4.80732666666667       0.902998750000000      -0.789522174121227     
   4.80732666666667        1.20333166666667      -0.767962036938493     
   4.80732666666667        1.50366458333333      -0.746124080477559     
   4.80732666666667        1.80399750000000      -0.725715344001417     
   4.80732666666667        2.10433041666667      -0.707337705954051     
   4.80732666666667        2.40466333333333      -0.690974973511104     
   4.80732666666667        2.70499625000000      -0.676191630636668     
   4.80732666666667        3.00532916666667      -0.662279155639820     
   4.80732666666667        3.30566208333333      -0.648491641223142     
   4.80732666666667        3.60599500000000      -0.634347189176795     
   4.80732666666667        3.90632791666667      -0.619850301669761     
   4.80732666666667        4.20666083333333      -0.605497656116265     
   4.80732666666667        4.50699375000000      -0.592062277322181     
   4.80732666666667        4.80732666666667      -0.580297420191129     
   4.80732666666667        5.10765958333333      -0.570731063555701     
   4.80732666666667        5.40799250000000      -0.563613537168566     
   4.80732666666667        5.70832541666667      -0.558933029852605     
   4.80732666666667        6.00865833333333      -0.556337504354314     
   4.80732666666667        6.30899125000000      -0.554843980537514     
   4.80732666666667        6.60932416666667      -0.552439815874649     
   4.80732666666667        6.90965708333333      -0.546227177587312     
   4.80732666666667        7.20999000000000      -0.533851139692353     
   5.10765958333333       2.000000000000000E-003 -0.747186014610014     
   5.10765958333333       0.302332916666667      -0.757265318108721     
   5.10765958333333       0.602665833333333      -0.755712023824796     
   5.10765958333333       0.902998750000000      -0.745677342063141     
   5.10765958333333        1.20333166666667      -0.730816811096801     
   5.10765958333333        1.50366458333333      -0.714202408943979     
   5.10765958333333        1.80399750000000      -0.697858735813894     
   5.10765958333333        2.10433041666667      -0.682862424571024     
   5.10765958333333        2.40466333333333      -0.669532068525010     
   5.10765958333333        2.70499625000000      -0.657581492320213     
   5.10765958333333        3.00532916666667      -0.646297748486829     
   5.10765958333333        3.30566208333333      -0.634822873607951     
   5.10765958333333        3.60599500000000      -0.622523580861988     
   5.10765958333333        3.90632791666667      -0.609303838038846     
   5.10765958333333        4.20666083333333      -0.595672716171747     
   5.10765958333333        4.50699375000000      -0.582515717719620     
   5.10765958333333        4.80732666666667      -0.570727820410871     
   5.10765958333333        5.10765958333333      -0.560927549474956     
   5.10765958333333        5.40799250000000      -0.553343930562519     
   5.10765958333333        5.70832541666667      -0.547811357510268     
   5.10765958333333        6.00865833333333      -0.543752250464068     
   5.10765958333333        6.30899125000000      -0.540094823487797     
   5.10765958333333        6.60932416666667      -0.535227320790553     
   5.10765958333333        6.90965708333333      -0.527268970487674     
   5.10765958333333        7.20999000000000      -0.514756800054841     
   5.40799250000000       2.000000000000000E-003 -0.710563942947253     
   5.40799250000000       0.302332916666667      -0.720296063019682     
   5.40799250000000       0.602665833333333      -0.720661893259931     
   5.40799250000000       0.902998750000000      -0.713892858782349     
   5.40799250000000        1.20333166666667      -0.702657117765471     
   5.40799250000000        1.50366458333333      -0.689357742515292     
   5.40799250000000        1.80399750000000      -0.675987850370041     
   5.40799250000000        2.10433041666667      -0.663784259203723     
   5.40799250000000        2.40466333333333      -0.653226956664244     
   5.40799250000000        2.70499625000000      -0.644096193124804     
   5.40799250000000        3.00532916666667      -0.635572344453413     
   5.40799250000000        3.30566208333333      -0.626494177688473     
   5.40799250000000        3.60599500000000      -0.615850391236187     
   5.40799250000000        3.90632791666667      -0.603347867664510     
   5.40799250000000        4.20666083333333      -0.589638661871752     
   5.40799250000000        4.50699375000000      -0.575976301322154     
   5.40799250000000        4.80732666666667      -0.563607712998286     
   5.40799250000000        5.10765958333333      -0.553341350818465     
   5.40799250000000        5.40799250000000      -0.545417491789604     
   5.40799250000000        5.70832541666667      -0.539560223551590     
   5.40799250000000        6.00865833333333      -0.535054060495419     
   5.40799250000000        6.30899125000000      -0.530722226208919     
   5.40799250000000        6.60932416666667      -0.525180547559119     
   5.40799250000000        6.90965708333333      -0.516910866170120     
   5.40799250000000        7.20999000000000      -0.504604013910693     
   5.70832541666667       2.000000000000000E-003 -0.690863956259711     
   5.70832541666667       0.302332916666667      -0.699008929491229     
   5.70832541666667       0.602665833333333      -0.698307368520856     
   5.70832541666667       0.902998750000000      -0.691793191650960     
   5.70832541666667        1.20333166666667      -0.681902766682981     
   5.70832541666667        1.50366458333333      -0.670410733297113     
   5.70832541666667        1.80399750000000      -0.658951392033905     
   5.70832541666667        2.10433041666667      -0.649018893956724     
   5.70832541666667        2.40466333333333      -0.641207935414641     
   5.70832541666667        2.70499625000000      -0.635331994291952     
   5.70832541666667        3.00532916666667      -0.630356591702283     
   5.70832541666667        3.30566208333333      -0.624449663355356     
   5.70832541666667        3.60599500000000      -0.615641281721622     
   5.70832541666667        3.90632791666667      -0.603144144388774     
   5.70832541666667        4.20666083333333      -0.588094867095845     
   5.70832541666667        4.50699375000000      -0.572707902849000     
   5.70832541666667        4.80732666666667      -0.558926606988397     
   5.70832541666667        5.10765958333333      -0.547808048326254     
   5.70832541666667        5.40799250000000      -0.539559445873976     
   5.70832541666667        5.70832541666667      -0.533741534566513     
   5.70832541666667        6.00865833333333      -0.529325613811598     
   5.70832541666667        6.30899125000000      -0.525254597976313     
   5.70832541666667        6.60932416666667      -0.520347455493594     
   5.70832541666667        6.90965708333333      -0.513014253614619     
   5.70832541666667        7.20999000000000      -0.501413870829141     
   6.00865833333333       2.000000000000000E-003 -0.686155651554900     
   6.00865833333333       0.302332916666667      -0.690743193806108     
   6.00865833333333       0.602665833333333      -0.685576912448579     
   6.00865833333333       0.902998750000000      -0.676698583768327     
   6.00865833333333        1.20333166666667      -0.666339667015419     
   6.00865833333333        1.50366458333333      -0.655436014503235     
   6.00865833333333        1.80399750000000      -0.645176963479676     
   6.00865833333333        2.10433041666667      -0.637077726041922     
   6.00865833333333        2.40466333333333      -0.632255062950195     
   6.00865833333333        2.70499625000000      -0.630729916627990     
   6.00865833333333        3.00532916666667      -0.631376656900163     
   6.00865833333333        3.30566208333333      -0.631093833978482     
   6.00865833333333        3.60599500000000      -0.625116350937473     
   6.00865833333333        3.90632791666667      -0.611332119420454     
   6.00865833333333        4.20666083333333      -0.592254867885009     
   6.00865833333333        4.50699375000000      -0.572869679705329     
   6.00865833333333        4.80732666666667      -0.556333224367049     
   6.00865833333333        5.10765958333333      -0.543750754373919     
   6.00865833333333        5.40799250000000      -0.535054974537044     
   6.00865833333333        5.70832541666667      -0.529327094495825     
   6.00865833333333        6.00865833333333      -0.525433856096236     
   6.00865833333333        6.30899125000000      -0.522432926535611     
   6.00865833333333        6.60932416666667      -0.519426949463981     
   6.00865833333333        6.90965708333333      -0.514710923305500     
   6.00865833333333        7.20999000000000      -0.504755882196549     
   6.30899125000000       2.000000000000000E-003 -0.696087672054949     
   6.30899125000000       0.302332916666667      -0.693129876081366     
   6.30899125000000       0.602665833333333      -0.679336905628309     
   6.30899125000000       0.902998750000000      -0.666217609978365     
   6.30899125000000        1.20333166666667      -0.653945112155766     
   6.30899125000000        1.50366458333333      -0.642395547965905     
   6.30899125000000        1.80399750000000      -0.632643409411110     
   6.30899125000000        2.10433041666667      -0.626197066815551     
   6.30899125000000        2.40466333333333      -0.624781386846422     
   6.30899125000000        2.70499625000000      -0.629398169095767     
   6.30899125000000        3.00532916666667      -0.638736224088336     
   6.30899125000000        3.30566208333333      -0.646402495759908     
   6.30899125000000        3.60599500000000      -0.644137350202833     
   6.30899125000000        3.90632791666667      -0.627963273395779     
   6.30899125000000        4.20666083333333      -0.602458272580128     
   6.30899125000000        4.50699375000000      -0.576014031478235     
   6.30899125000000        4.80732666666667      -0.554844385544624     
   6.30899125000000        5.10765958333333      -0.540097512481000     
   6.30899125000000        5.40799250000000      -0.530726786715620     
   6.30899125000000        5.70832541666667      -0.525259148473871     
   6.30899125000000        6.00865833333333      -0.522435686848536     
   6.30899125000000        6.30899125000000      -0.521277611197282     
   6.30899125000000        6.60932416666667      -0.521299073555983     
   6.30899125000000        6.90965708333333      -0.521543359646591     
   6.30899125000000        7.20999000000000      -0.515365644023552     
   6.60932416666667       2.000000000000000E-003 -0.716229697596990     
   6.60932416666667       0.302332916666667      -0.699716619118768     
   6.60932416666667       0.602665833333333      -0.676528780492190     
   6.60932416666667       0.902998750000000      -0.658942594631609     
   6.60932416666667        1.20333166666667      -0.642983607137550     
   6.60932416666667        1.50366458333333      -0.629343218463638     
   6.60932416666667        1.80399750000000      -0.619330131578667     
   6.60932416666667        2.10433041666667      -0.614365186023576     
   6.60932416666667        2.40466333333333      -0.616536276265422     
   6.60932416666667        2.70499625000000      -0.627869150311090     
   6.60932416666667        3.00532916666667      -0.645666956161327     
   6.60932416666667        3.30566208333333      -0.662097687254038     
   6.60932416666667        3.60599500000000      -0.664201248827384     
   6.60932416666667        3.90632791666667      -0.644885589577316     
   6.60932416666667        4.20666083333333      -0.612107411066358     
   6.60932416666667        4.50699375000000      -0.578815470348740     
   6.60932416666667        4.80732666666667      -0.552446513274332     
   6.60932416666667        5.10765958333333      -0.535235555413351     
   6.60932416666667        5.40799250000000      -0.525189518463508     
   6.60932416666667        5.70832541666667      -0.520355510697069     
   6.60932416666667        6.00865833333333      -0.519432530608132     
   6.60932416666667        6.30899125000000      -0.521301369930086     
   6.60932416666667        6.60932416666667      -0.524941695640342     
   6.60932416666667        6.90965708333333      -0.531131747461732     
   6.60932416666667        7.20999000000000      -0.532150194830290     
   6.90965708333333       2.000000000000000E-003 -0.719120404028415     
   6.90965708333333       0.302332916666667      -0.699417957463132     
   6.90965708333333       0.602665833333333      -0.678404310785805     
   6.90965708333333       0.902998750000000      -0.653250711758746     
   6.90965708333333        1.20333166666667      -0.630698108766827     
   6.90965708333333        1.50366458333333      -0.613957721566747     
   6.90965708333333        1.80399750000000      -0.603353132866282     
   6.90965708333333        2.10433041666667      -0.599520436437382     
   6.90965708333333        2.40466333333333      -0.604599537111109     
   6.90965708333333        2.70499625000000      -0.620266175730108     
   6.90965708333333        3.00532916666667      -0.643207362214808     
   6.90965708333333        3.30566208333333      -0.664124443252900     
   6.90965708333333        3.60599500000000      -0.669399234539927     
   6.90965708333333        3.90632791666667      -0.648348872447514     
   6.90965708333333        4.20666083333333      -0.612538538691285     
   6.90965708333333        4.50699375000000      -0.575582385986676     
   6.90965708333333        4.80732666666667      -0.546240706316143     
   6.90965708333333        5.10765958333333      -0.527282576602435     
   6.90965708333333        5.40799250000000      -0.516923848449019     
   6.90965708333333        5.70832541666667      -0.513025183222478     
   6.90965708333333        6.00865833333333      -0.514718393059343     
   6.90965708333333        6.30899125000000      -0.521546389708251     
   6.90965708333333        6.60932416666667      -0.531130985529641     
   6.90965708333333        6.90965708333333      -0.537611321945495     
   6.90965708333333        7.20999000000000      -0.541087524957433     
   7.20999000000000       2.000000000000000E-003 -0.694990679798666     
   7.20999000000000       0.302332916666667      -0.698189389132567     
   7.20999000000000       0.602665833333333      -0.674359618560169     
   7.20999000000000       0.902998750000000      -0.638987404973409     
   7.20999000000000        1.20333166666667      -0.611737431174505     
   7.20999000000000        1.50366458333333      -0.593675480033479     
   7.20999000000000        1.80399750000000      -0.583195828258402     
   7.20999000000000        2.10433041666667      -0.580224359877581     
   7.20999000000000        2.40466333333333      -0.586617751242183     
   7.20999000000000        2.70499625000000      -0.603564313727316     
   7.20999000000000        3.00532916666667      -0.627157155840591     
   7.20999000000000        3.30566208333333      -0.647740645882953     
   7.20999000000000        3.60599500000000      -0.662623140878148     
   7.20999000000000        3.90632791666667      -0.633837940636335     
   7.20999000000000        4.20666083333333      -0.599655109465744     
   7.20999000000000        4.50699375000000      -0.563300137537550     
   7.20999000000000        4.80732666666667      -0.533870572813470     
   7.20999000000000        5.10765958333333      -0.514774439887122     
   7.20999000000000        5.40799250000000      -0.504619721559930     
   7.20999000000000        5.70832541666667      -0.501426571264583     
   7.20999000000000        6.00865833333333      -0.504764375248854     
   7.20999000000000        6.30899125000000      -0.515369116423028     
   7.20999000000000        6.60932416666667      -0.532149104039993     
   7.20999000000000        6.90965708333333      -0.541085792802290     
   7.20999000000000        7.20999000000000      -0.532485961877315     
