  2.000000000000000E-003  2.000000000000000E-003  -3.59766655087404     
  2.000000000000000E-003  0.302332916666667       -3.58364438274652     
  2.000000000000000E-003  0.602665833333333       -3.18555023638608     
  2.000000000000000E-003  0.902998750000000       -2.64880743492630     
  2.000000000000000E-003   1.20333166666667       -2.21625847788948     
  2.000000000000000E-003   1.50366458333333       -1.90053807225242     
  2.000000000000000E-003   1.80399750000000       -1.67274482066567     
  2.000000000000000E-003   2.10433041666667       -1.51073060369957     
  2.000000000000000E-003   2.40466333333333       -1.40094305880494     
  2.000000000000000E-003   2.70499625000000       -1.33424955120118     
  2.000000000000000E-003   3.00532916666667       -1.29498638863930     
  2.000000000000000E-003   3.30566208333333       -1.25604235344991     
  2.000000000000000E-003   3.60599500000000       -1.21708135938162     
  2.000000000000000E-003   3.90632791666667       -1.11758324188194     
  2.000000000000000E-003   4.20666083333333       -1.02038897633451     
  2.000000000000000E-003   4.50699375000000      -0.932491610145088     
  2.000000000000000E-003   4.80732666666667      -0.860079587919464     
  2.000000000000000E-003   5.10765958333333      -0.804679462464197     
  2.000000000000000E-003   5.40799250000000      -0.763250925952200     
  2.000000000000000E-003   5.70832541666667      -0.732257170714190     
  2.000000000000000E-003   6.00865833333333      -0.710599826904757     
  2.000000000000000E-003   6.30899125000000      -0.699053617861282     
  2.000000000000000E-003   6.60932416666667      -0.696911359474435     
  2.000000000000000E-003   6.90965708333333      -0.689692824701152     
  2.000000000000000E-003   7.20999000000000      -0.669074892608981     
  0.302332916666667       2.000000000000000E-003  -3.58363465230752     
  0.302332916666667       0.302332916666667       -3.34268029413283     
  0.302332916666667       0.602665833333333       -2.96943540414403     
  0.302332916666667       0.902998750000000       -2.53559628975728     
  0.302332916666667        1.20333166666667       -2.16008982258353     
  0.302332916666667        1.50366458333333       -1.87124529921428     
  0.302332916666667        1.80399750000000       -1.65637570461774     
  0.302332916666667        2.10433041666667       -1.50035926546124     
  0.302332916666667        2.40466333333333       -1.39250049929859     
  0.302332916666667        2.70499625000000       -1.32520065520918     
  0.302332916666667        3.00532916666667       -1.28532490538980     
  0.302332916666667        3.30566208333333       -1.24908296512418     
  0.302332916666667        3.60599500000000       -1.19495020689878     
  0.302332916666667        3.90632791666667       -1.10971789520305     
  0.302332916666667        4.20666083333333       -1.01466949693924     
  0.302332916666667        4.50699375000000      -0.928478275613831     
  0.302332916666667        4.80732666666667      -0.857881730346985     
  0.302332916666667        5.10765958333333      -0.803870712661053     
  0.302332916666667        5.40799250000000      -0.763146392097068     
  0.302332916666667        5.70832541666667      -0.732236742657982     
  0.302332916666667        6.00865833333333      -0.709891475253045     
  0.302332916666667        6.30899125000000      -0.696169759358241     
  0.302332916666667        6.60932416666667      -0.689819805437446     
  0.302332916666667        6.90965708333333      -0.682532167504586     
  0.302332916666667        7.20999000000000      -0.666774830974657     
  0.602665833333333       2.000000000000000E-003  -3.18553709325939     
  0.602665833333333       0.302332916666667       -2.96942788793230     
  0.602665833333333       0.602665833333333       -2.62175014259541     
  0.602665833333333       0.902998750000000       -2.30304867348734     
  0.602665833333333        1.20333166666667       -2.02210788549999     
  0.602665833333333        1.50366458333333       -1.78897705598338     
  0.602665833333333        1.80399750000000       -1.60404063966089     
  0.602665833333333        2.10433041666667       -1.46293658773249     
  0.602665833333333        2.40466333333333       -1.36024371729646     
  0.602665833333333        2.70499625000000       -1.29102785385097     
  0.602665833333333        3.00532916666667       -1.24618519299874     
  0.602665833333333        3.30566208333333       -1.20723926842908     
  0.602665833333333        3.60599500000000       -1.15269822570302     
  0.602665833333333        3.90632791666667       -1.07531175732486     
  0.602665833333333        4.20666083333333      -0.989079238015244     
  0.602665833333333        4.50699375000000      -0.910238696491889     
  0.602665833333333        4.80732666666667      -0.845251402325799     
  0.602665833333333        5.10765958333333      -0.795089907086777     
  0.602665833333333        5.40799250000000      -0.756305252844297     
  0.602665833333333        5.70832541666667      -0.725942306097998     
  0.602665833333333        6.00865833333333      -0.702527584027131     
  0.602665833333333        6.30899125000000      -0.685360763514921     
  0.602665833333333        6.60932416666667      -0.673432395278580     
  0.602665833333333        6.90965708333333      -0.663997486602520     
  0.602665833333333        7.20999000000000      -0.648061440780709     
  0.902998750000000       2.000000000000000E-003  -2.64879922230411     
  0.902998750000000       0.302332916666667       -2.53559009662946     
  0.902998750000000       0.602665833333333       -2.30304621303173     
  0.902998750000000       0.902998750000000       -2.07079533334605     
  0.902998750000000        1.20333166666667       -1.86273203297508     
  0.902998750000000        1.50366458333333       -1.68153490775956     
  0.902998750000000        1.80399750000000       -1.52918750162364     
  0.902998750000000        2.10433041666667       -1.40628955639438     
  0.902998750000000        2.40466333333333       -1.31059809809728     
  0.902998750000000        2.70499625000000       -1.23939163226806     
  0.902998750000000        3.00532916666667       -1.18735398835367     
  0.902998750000000        3.30566208333333       -1.14127002609350     
  0.902998750000000        3.60599500000000       -1.08721309924492     
  0.902998750000000        3.90632791666667       -1.02048436175256     
  0.902998750000000        4.20666083333333      -0.948474600258336     
  0.902998750000000        4.50699375000000      -0.881417096790861     
  0.902998750000000        4.80732666666667      -0.825237586728195     
  0.902998750000000        5.10765958333333      -0.780233374481648     
  0.902998750000000        5.40799250000000      -0.744284821466732     
  0.902998750000000        5.70832541666667      -0.715152392471410     
  0.902998750000000        6.00865833333333      -0.691435471436329     
  0.902998750000000        6.30899125000000      -0.672168545213176     
  0.902998750000000        6.60932416666667      -0.656312901571610     
  0.902998750000000        6.90965708333333      -0.641516332181378     
  0.902998750000000        7.20999000000000      -0.622158841611726     
   1.20333166666667       2.000000000000000E-003  -2.21625246073602     
   1.20333166666667       0.302332916666667       -2.16008449696770     
   1.20333166666667       0.602665833333333       -2.02210433297035     
   1.20333166666667       0.902998750000000       -1.86273035780208     
   1.20333166666667        1.20333166666667       -1.70895178153187     
   1.20333166666667        1.50366458333333       -1.56828002496195     
   1.20333166666667        1.80399750000000       -1.44420105243012     
   1.20333166666667        2.10433041666667       -1.33874161833612     
   1.20333166666667        2.40466333333333       -1.25152610377311     
   1.20333166666667        2.70499625000000       -1.18110327862221     
   1.20333166666667        3.00532916666667       -1.12378534281165     
   1.20333166666667        3.30566208333333       -1.07290866171950     
   1.20333166666667        3.60599500000000       -1.02027230889378     
   1.20333166666667        3.90632791666667      -0.962772030284865     
   1.20333166666667        4.20666083333333      -0.903775688116499     
   1.20333166666667        4.50699375000000      -0.848996077298541     
   1.20333166666667        4.80732666666667      -0.801471399442584     
   1.20333166666667        5.10765958333333      -0.761722168408783     
   1.20333166666667        5.40799250000000      -0.728934570785803     
   1.20333166666667        5.70832541666667      -0.701640287324884     
   1.20333166666667        6.00865833333333      -0.678569644822120     
   1.20333166666667        6.30899125000000      -0.658677140749313     
   1.20333166666667        6.60932416666667      -0.640744174191897     
   1.20333166666667        6.90965708333333      -0.622799070402285     
   1.20333166666667        7.20999000000000      -0.602004735899243     
   1.50366458333333       2.000000000000000E-003  -1.90053098860570     
   1.50366458333333       0.302332916666667       -1.87123861238674     
   1.50366458333333       0.602665833333333       -1.78897185805462     
   1.50366458333333       0.902998750000000       -1.68153176267985     
   1.50366458333333        1.20333166666667       -1.56827887226612     
   1.50366458333333        1.50366458333333       -1.45860455130842     
   1.50366458333333        1.80399750000000       -1.35746416818315     
   1.50366458333333        2.10433041666667       -1.26734579106460     
   1.50366458333333        2.40466333333333       -1.18941589631137     
   1.50366458333333        2.70499625000000       -1.12304914690556     
   1.50366458333333        3.00532916666667       -1.06577172252459     
   1.50366458333333        3.30566208333333       -1.01379201369813     
   1.50366458333333        3.60599500000000      -0.963403186496210     
   1.50366458333333        3.90632791666667      -0.912971388085353     
   1.50366458333333        4.20666083333333      -0.863592483600507     
   1.50366458333333        4.50699375000000      -0.817588856108966     
   1.50366458333333        4.80732666666667      -0.776741767413427     
   1.50366458333333        5.10765958333333      -0.741664328166921     
   1.50366458333333        5.40799250000000      -0.712004910183422     
   1.50366458333333        5.70832541666667      -0.686864455212763     
   1.50366458333333        6.00865833333333      -0.665125039127986     
   1.50366458333333        6.30899125000000      -0.645715331886312     
   1.50366458333333        6.60932416666667      -0.627381806279991     
   1.50366458333333        6.90965708333333      -0.608571399900948     
   1.50366458333333        7.20999000000000      -0.587730263323453     
   1.80399750000000       2.000000000000000E-003  -1.67273510915400     
   1.80399750000000       0.302332916666667       -1.65636651086723     
   1.80399750000000       0.602665833333333       -1.60403354718438     
   1.80399750000000       0.902998750000000       -1.52918339483105     
   1.80399750000000        1.20333166666667       -1.44419980460663     
   1.80399750000000        1.50366458333333       -1.35746452697842     
   1.80399750000000        1.80399750000000       -1.27399223784619     
   1.80399750000000        2.10433041666667       -1.19712044834564     
   1.80399750000000        2.40466333333333       -1.12842554576205     
   1.80399750000000        2.70499625000000       -1.06778613630276     
   1.80399750000000        3.00532916666667       -1.01374186563439     
   1.80399750000000        3.30566208333333      -0.964149874578036     
   1.80399750000000        3.60599500000000      -0.917099129111468     
   1.80399750000000        3.90632791666667      -0.871746789029837     
   1.80399750000000        4.20666083333333      -0.828514596750936     
   1.80399750000000        4.50699375000000      -0.788511093731306     
   1.80399750000000        4.80732666666667      -0.752732755929085     
   1.80399750000000        5.10765958333333      -0.721601202616802     
   1.80399750000000        5.40799250000000      -0.694919219849283     
   1.80399750000000        5.70832541666667      -0.672045242408454     
   1.80399750000000        6.00865833333333      -0.652087439571676     
   1.80399750000000        6.30899125000000      -0.633976310687116     
   1.80399750000000        6.60932416666667      -0.616446649754653     
   1.80399750000000        6.90965708333333      -0.598137356527976     
   1.80399750000000        7.20999000000000      -0.577923798759275     
   2.10433041666667       2.000000000000000E-003  -1.51071762961223     
   2.10433041666667       0.302332916666667       -1.50034714035719     
   2.10433041666667       0.602665833333333       -1.46292766999234     
   2.10433041666667       0.902998750000000       -1.40628515496198     
   2.10433041666667        1.20333166666667       -1.33874145783756     
   2.10433041666667        1.50366458333333       -1.26734816544941     
   2.10433041666667        1.80399750000000       -1.19712283152604     
   2.10433041666667        2.10433041666667       -1.13116171328873     
   2.10433041666667        2.40466333333333       -1.07088915443334     
   2.10433041666667        2.70499625000000       -1.01636760585243     
   2.10433041666667        3.00532916666667      -0.966732611095956     
   2.10433041666667        3.30566208333333      -0.920751069209193     
   2.10433041666667        3.60599500000000      -0.877399963440691     
   2.10433041666667        3.90632791666667      -0.836271840347409     
   2.10433041666667        4.20666083333333      -0.797626313773182     
   2.10433041666667        4.50699375000000      -0.762098346121538     
   2.10433041666667        4.80732666666667      -0.730291612437117     
   2.10433041666667        5.10765958333333      -0.702497837811350     
   2.10433041666667        5.40799250000000      -0.678616183374883     
   2.10433041666667        5.70832541666667      -0.658195051181886     
   2.10433041666667        6.00865833333333      -0.640481212231579     
   2.10433041666667        6.30899125000000      -0.624418519842069     
   2.10433041666667        6.60932416666667      -0.608652798521962     
   2.10433041666667        6.90965708333333      -0.591730301747145     
   2.10433041666667        7.20999000000000      -0.572528020695102     
   2.40466333333333       2.000000000000000E-003  -1.40092551315560     
   2.40466333333333       0.302332916666667       -1.39248406546496     
   2.40466333333333       0.602665833333333       -1.36023212079523     
   2.40466333333333       0.902998750000000       -1.31059336241252     
   2.40466333333333        1.20333166666667       -1.25152777999014     
   2.40466333333333        1.50366458333333       -1.18942148985538     
   2.40466333333333        1.80399750000000       -1.12843167719878     
   2.40466333333333        2.10433041666667       -1.07089292167219     
   2.40466333333333        2.40466333333333       -1.01775968702741     
   2.40466333333333        2.70499625000000      -0.968996408153504     
   2.40466333333333        3.00532916666667      -0.923987930987484     
   2.40466333333333        3.30566208333333      -0.881963483258009     
   2.40466333333333        3.60599500000000      -0.842356374317244     
   2.40466333333333        3.90632791666667      -0.805004008929685     
   2.40466333333333        4.20666083333333      -0.770138451648986     
   2.40466333333333        4.50699375000000      -0.738210866568171     
   2.40466333333333        4.80732666666667      -0.709667525180242     
   2.40466333333333        5.10765958333333      -0.684786474492743     
   2.40466333333333        5.40799250000000      -0.663606158773672     
   2.40466333333333        5.70832541666667      -0.645899500794269     
   2.40466333333333        6.00865833333333      -0.631114111922256     
   2.40466333333333        6.30899125000000      -0.618218783629088     
   2.40466333333333        6.60932416666667      -0.605529607003468     
   2.40466333333333        6.90965708333333      -0.590954386467249     
   2.40466333333333        7.20999000000000      -0.573027105132728     
   2.70499625000000       2.000000000000000E-003  -1.33422570695459     
   2.70499625000000       0.302332916666667       -1.32517753253118     
   2.70499625000000       0.602665833333333       -1.29101104746888     
   2.70499625000000       0.902998750000000       -1.23938534263130     
   2.70499625000000        1.20333166666667       -1.18110670659789     
   2.70499625000000        1.50366458333333       -1.12305828399195     
   2.70499625000000        1.80399750000000       -1.06779630622670     
   2.70499625000000        2.10433041666667       -1.01637517019759     
   2.70499625000000        2.40466333333333      -0.968999855804811     
   2.70499625000000        2.70499625000000      -0.925326880028632     
   2.70499625000000        3.00532916666667      -0.884746930424168     
   2.70499625000000        3.30566208333333      -0.846664908723087     
   2.70499625000000        3.60599500000000      -0.810712088572302     
   2.70499625000000        3.90632791666667      -0.776837185128242     
   2.70499625000000        4.20666083333333      -0.745270664648493     
   2.70499625000000        4.50699375000000      -0.716406851089384     
   2.70499625000000        4.80732666666667      -0.690671744543604     
   2.70499625000000        5.10765958333333      -0.668427404678230     
   2.70499625000000        5.40799250000000      -0.649922160511231     
   2.70499625000000        5.70832541666667      -0.635256007425447     
   2.70499625000000        6.00865833333333      -0.624286117330360     
   2.70499625000000        6.30899125000000      -0.616286967297078     
   2.70499625000000        6.60932416666667      -0.608611771867295     
   2.70499625000000        6.90965708333333      -0.597275305781222     
   2.70499625000000        7.20999000000000      -0.580563290358924     
   3.00532916666667       2.000000000000000E-003  -1.29495443948959     
   3.00532916666667       0.302332916666667       -1.28529204417913     
   3.00532916666667       0.602665833333333       -1.24615993260516     
   3.00532916666667       0.902998750000000       -1.18734396581234     
   3.00532916666667        1.20333166666667       -1.12378966714161     
   3.00532916666667        1.50366458333333       -1.06578388790293     
   3.00532916666667        1.80399750000000       -1.01375540330146     
   3.00532916666667        2.10433041666667      -0.966742974404189     
   3.00532916666667        2.40466333333333      -0.923993409829703     
   3.00532916666667        2.70499625000000      -0.884748487273040     
   3.00532916666667        3.00532916666667      -0.848268562162654     
   3.00532916666667        3.30566208333333      -0.813962055503999     
   3.00532916666667        3.60599500000000      -0.781499671108563     
   3.00532916666667        3.90632791666667      -0.750852076064482     
   3.00532916666667        4.20666083333333      -0.722247642836783     
   3.00532916666667        4.50699375000000      -0.696084749677045     
   3.00532916666667        4.80732666666667      -0.672842678139170     
   3.00532916666667        5.10765958333333      -0.653022100360897     
   3.00532916666667        5.40799250000000      -0.637129642904703     
   3.00532916666667        5.70832541666667      -0.625716378933355     
   3.00532916666667        6.00865833333333      -0.619459740655460     
   3.00532916666667        6.30899125000000      -0.618219686363384     
   3.00532916666667        6.60932416666667      -0.616998856011722     
   3.00532916666667        6.90965708333333      -0.609309321706791     
   3.00532916666667        7.20999000000000      -0.593128336712384     
   3.30566208333333       2.000000000000000E-003  -1.25600281544384     
   3.30566208333333       0.302332916666667       -1.24903844392762     
   3.30566208333333       0.602665833333333       -1.20720414326266     
   3.30566208333333       0.902998750000000       -1.14125580774165     
   3.30566208333333        1.20333166666667       -1.07291321709086     
   3.30566208333333        1.50366458333333       -1.01380634025378     
   3.30566208333333        1.80399750000000      -0.964165639176759     
   3.30566208333333        2.10433041666667      -0.920762911478814     
   3.30566208333333        2.40466333333333      -0.881969492742793     
   3.30566208333333        2.70499625000000      -0.846666255407758     
   3.30566208333333        3.00532916666667      -0.813961492850879     
   3.30566208333333        3.30566208333333      -0.783195641878880     
   3.30566208333333        3.60599500000000      -0.754002628065758     
   3.30566208333333        3.90632791666667      -0.726331557574997     
   3.30566208333333        4.20666083333333      -0.700409030191889     
   3.30566208333333        4.50699375000000      -0.676664285609525     
   3.30566208333333        4.80732666666667      -0.655652572611021     
   3.30566208333333        5.10765958333333      -0.638009454380718     
   3.30566208333333        5.40799250000000      -0.624473805080723     
   3.30566208333333        5.70832541666667      -0.616060378158834     
   3.30566208333333        6.00865833333333      -0.614582552802266     
   3.30566208333333        6.30899125000000      -0.619887213878905     
   3.30566208333333        6.60932416666667      -0.625733768220253     
   3.30566208333333        6.90965708333333      -0.621497103882821     
   3.30566208333333        7.20999000000000      -0.604984772639722     
   3.60599500000000       2.000000000000000E-003  -1.21704414125435     
   3.60599500000000       0.302332916666667       -1.19490188530429     
   3.60599500000000       0.602665833333333       -1.15266063875706     
   3.60599500000000       0.902998750000000       -1.08719865634062     
   3.60599500000000        1.20333166666667       -1.02027791122328     
   3.60599500000000        1.50366458333333      -0.963418905085384     
   3.60599500000000        1.80399750000000      -0.917115951423834     
   3.60599500000000        2.10433041666667      -0.877412206307412     
   3.60599500000000        2.40466333333333      -0.842362048712202     
   3.60599500000000        2.70499625000000      -0.810712471042487     
   3.60599500000000        3.00532916666667      -0.781497725420917     
   3.60599500000000        3.30566208333333      -0.754001055137997     
   3.60599500000000        3.60599500000000      -0.727810148177052     
   3.60599500000000        3.90632791666667      -0.702848329270242     
   3.60599500000000        4.20666083333333      -0.679346161894233     
   3.60599500000000        4.50699375000000      -0.657767179645303     
   3.60599500000000        4.80732666666667      -0.638723738494114     
   3.60599500000000        5.10765958333333      -0.622925288377127     
   3.60599500000000        5.40799250000000      -0.611215958585910     
   3.60599500000000        5.70832541666667      -0.604826314917299     
   3.60599500000000        6.00865833333333      -0.606124530602794     
   3.60599500000000        6.30899125000000      -0.614935349544675     
   3.60599500000000        6.60932416666667      -0.624821352218544     
   3.60599500000000        6.90965708333333      -0.623545772950019     
   3.60599500000000        7.20999000000000      -0.613852167614424     
   3.90632791666667       2.000000000000000E-003  -1.11754560101005     
   3.90632791666667       0.302332916666667       -1.10968062213181     
   3.90632791666667       0.602665833333333       -1.07528372874075     
   3.90632791666667       0.902998750000000       -1.02047526311175     
   3.90632791666667        1.20333166666667      -0.962779797583879     
   3.90632791666667        1.50366458333333      -0.912987657743372     
   3.90632791666667        1.80399750000000      -0.871763541087561     
   3.90632791666667        2.10433041666667      -0.836283725222358     
   3.90632791666667        2.40466333333333      -0.805009132769175     
   3.90632791666667        2.70499625000000      -0.776836817093197     
   3.90632791666667        3.00532916666667      -0.750849151571141     
   3.90632791666667        3.30566208333333      -0.726328790774670     
   3.90632791666667        3.60599500000000      -0.702847002953468     
   3.90632791666667        3.90632791666667      -0.680318916600844     
   3.90632791666667        4.20666083333333      -0.658985122326071     
   3.90632791666667        4.50699375000000      -0.639330602954512     
   3.90632791666667        4.80732666666667      -0.621981993328213     
   3.90632791666667        5.10765958333333      -0.607633587511808     
   3.90632791666667        5.40799250000000      -0.597058335425763     
   3.90632791666667        5.70832541666667      -0.591295373311216     
   3.90632791666667        6.00865833333333      -0.592223699707687     
   3.90632791666667        6.30899125000000      -0.599716622921182     
   3.90632791666667        6.60932416666667      -0.607451734990890     
   3.90632791666667        6.90965708333333      -0.604627754488940     
   3.90632791666667        7.20999000000000      -0.588618433075975     
   4.20666083333333       2.000000000000000E-003  -1.02035963442253     
   4.20666083333333       0.302332916666667       -1.01464446812154     
   4.20666083333333       0.602665833333333      -0.989062799033460     
   4.20666083333333       0.902998750000000      -0.948471652782365     
   4.20666083333333        1.20333166666667      -0.903784847084661     
   4.20666083333333        1.50366458333333      -0.863607925669599     
   4.20666083333333        1.80399750000000      -0.828530013423674     
   4.20666083333333        2.10433041666667      -0.797637101626761     
   4.20666083333333        2.40466333333333      -0.770142925430185     
   4.20666083333333        2.70499625000000      -0.745269963664810     
   4.20666083333333        3.00532916666667      -0.722244436128928     
   4.20666083333333        3.30566208333333      -0.700405818682819     
   4.20666083333333        3.60599500000000      -0.679344174192649     
   4.20666083333333        3.90632791666667      -0.658984333478978     
   4.20666083333333        4.20666083333333      -0.639577432805964     
   4.20666083333333        4.50699375000000      -0.621610905195874     
   4.20666083333333        4.80732666666667      -0.605683948738143     
   4.20666083333333        5.10765958333333      -0.592404340018130     
   4.20666083333333        5.40799250000000      -0.582350598222588     
   4.20666083333333        5.70832541666667      -0.576126087479702     
   4.20666083333333        6.00865833333333      -0.574494499341246     
   4.20666083333333        6.30899125000000      -0.577419531722301     
   4.20666083333333        6.60932416666667      -0.579713447493880     
   4.20666083333333        6.90965708333333      -0.574689804484794     
   4.20666083333333        7.20999000000000      -0.560339544426851     
   4.50699375000000       2.000000000000000E-003 -0.932469112538896     
   4.50699375000000       0.302332916666667      -0.928460178564400     
   4.50699375000000       0.602665833333333      -0.910228332148692     
   4.50699375000000       0.902998750000000      -0.881416576601017     
   4.50699375000000        1.20333166666667      -0.849004210541982     
   4.50699375000000        1.50366458333333      -0.817601678054632     
   4.50699375000000        1.80399750000000      -0.788523754349675     
   4.50699375000000        2.10433041666667      -0.762107069672988     
   4.50699375000000        2.40466333333333      -0.738214189612804     
   4.50699375000000        2.70499625000000      -0.716405674860804     
   4.50699375000000        3.00532916666667      -0.696081305469280     
   4.50699375000000        3.30566208333333      -0.676660708037452     
   4.50699375000000        3.60599500000000      -0.657764558948450     
   4.50699375000000        3.90632791666667      -0.639328986785845     
   4.50699375000000        4.20666083333333      -0.621610023142420     
   4.50699375000000        4.50699375000000      -0.605086251282328     
   4.50699375000000        4.80732666666667      -0.590312563124858     
   4.50699375000000        5.10765958333333      -0.577788868192787     
   4.50699375000000        5.40799250000000      -0.567882007555687     
   4.50699375000000        5.70832541666667      -0.560792535188719     
   4.50699375000000        6.00865833333333      -0.556489179836043     
   4.50699375000000        6.30899125000000      -0.554390441789812     
   4.50699375000000        6.60932416666667      -0.551844015922612     
   4.50699375000000        6.90965708333333      -0.544750148089194     
   4.50699375000000        7.20999000000000      -0.531644144474429     
   4.80732666666667       2.000000000000000E-003 -0.860060721055625     
   4.80732666666667       0.302332916666667      -0.857866280391833     
   4.80732666666667       0.602665833333333      -0.845242222186051     
   4.80732666666667       0.902998750000000      -0.825235938109521     
   4.80732666666667        1.20333166666667      -0.801476366329424     
   4.80732666666667        1.50366458333333      -0.776750445302159     
   4.80732666666667        1.80399750000000      -0.752741424350941     
   4.80732666666667        2.10433041666667      -0.730297232102780     
   4.80732666666667        2.40466333333333      -0.709668805845785     
   4.80732666666667        2.70499625000000      -0.690669287229863     
   4.80732666666667        3.00532916666667      -0.672838211452333     
   4.80732666666667        3.30566208333333      -0.655647825172883     
   4.80732666666667        3.60599500000000      -0.638719662674179     
   4.80732666666667        3.90632791666667      -0.621978741555554     
   4.80732666666667        4.20666083333333      -0.605681429755521     
   4.80732666666667        4.50699375000000      -0.590311003367188     
   4.80732666666667        4.80732666666667      -0.576402535020440     
   4.80732666666667        5.10765958333333      -0.564381301761324     
   4.80732666666667        5.40799250000000      -0.554462798215983     
   4.80732666666667        5.70832541666667      -0.546601662334387     
   4.80732666666667        6.00865833333333      -0.540427828436667     
   4.80732666666667        6.30899125000000      -0.535096394591022     
   4.80732666666667        6.60932416666667      -0.529094269301556     
   4.80732666666667        6.90965708333333      -0.520460903125476     
   4.80732666666667        7.20999000000000      -0.507923256811107     
   5.10765958333333       2.000000000000000E-003 -0.804662270848488     
   5.10765958333333       0.302332916666667      -0.803855858592843     
   5.10765958333333       0.602665833333333      -0.795079677446159     
   5.10765958333333       0.902998750000000      -0.780228953173553     
   5.10765958333333        1.20333166666667      -0.761722978887970     
   5.10765958333333        1.50366458333333      -0.741668237827947     
   5.10765958333333        1.80399750000000      -0.721605352590400     
   5.10765958333333        2.10433041666667      -0.702499771601477     
   5.10765958333333        2.40466333333333      -0.684785015940434     
   5.10765958333333        2.70499625000000      -0.668422857714983     
   5.10765958333333        3.00532916666667      -0.653015729615647     
   5.10765958333333        3.30566208333333      -0.638002634180843     
   5.10765958333333        3.60599500000000      -0.622918880909509     
   5.10765958333333        3.90632791666667      -0.607627887183929     
   5.10765958333333        4.20666083333333      -0.592399463905988     
   5.10765958333333        4.50699375000000      -0.577785144934946     
   5.10765958333333        4.80732666666667      -0.564379270287338     
   5.10765958333333        5.10765958333333      -0.552607517122934     
   5.10765958333333        5.40799250000000      -0.542616991076849     
   5.10765958333333        5.70832541666667      -0.534250274303095     
   5.10765958333333        6.00865833333333      -0.527044288476586     
   5.10765958333333        6.30899125000000      -0.520215545138327     
   5.10765958333333        6.60932416666667      -0.512674541512674     
   5.10765958333333        6.90965708333333      -0.503232993017292     
   5.10765958333333        7.20999000000000      -0.491045034701994     
   5.40799250000000       2.000000000000000E-003 -0.763235168502726     
   5.40799250000000       0.302332916666667      -0.763132078581391     
   5.40799250000000       0.602665833333333      -0.756294049179546     
   5.40799250000000       0.902998750000000      -0.744277691996712     
   5.40799250000000        1.20333166666667      -0.728931468921200     
   5.40799250000000        1.50366458333333      -0.712004577857542     
   5.40799250000000        1.80399750000000      -0.694919403851139     
   5.40799250000000        2.10433041666667      -0.678614833962695     
   5.40799250000000        2.40466333333333      -0.663602181331024     
   5.40799250000000        2.70499625000000      -0.649915632691677     
   5.40799250000000        3.00532916666667      -0.637121476135972     
   5.40799250000000        3.30566208333333      -0.624465101521391     
   5.40799250000000        3.60599500000000      -0.611207500338698     
   5.40799250000000        3.90632791666667      -0.597050510669867     
   5.40799250000000        4.20666083333333      -0.582343681884112     
   5.40799250000000        4.50699375000000      -0.567876418193831     
   5.40799250000000        4.80732666666667      -0.554459036217299     
   5.40799250000000        5.10765958333333      -0.542615293486772     
   5.40799250000000        5.40799250000000      -0.532485448247352     
   5.40799250000000        5.70832541666667      -0.523863491566114     
   5.40799250000000        6.00865833333333      -0.516270296094069     
   5.40799250000000        6.30899125000000      -0.508964951649591     
   5.40799250000000        6.60932416666667      -0.501062343442755     
   5.40799250000000        6.90965708333333      -0.491623414760779     
   5.40799250000000        7.20999000000000      -0.479856739776829     
   5.70832541666667       2.000000000000000E-003 -0.732243811627486     
   5.70832541666667       0.302332916666667      -0.732224130995657     
   5.70832541666667       0.602665833333333      -0.725931496670664     
   5.70832541666667       0.902998750000000      -0.715144279225571     
   5.70832541666667        1.20333166666667      -0.701635103387525     
   5.70832541666667        1.50366458333333      -0.686861495377420     
   5.70832541666667        1.80399750000000      -0.672043049285303     
   5.70832541666667        2.10433041666667      -0.658191908046273     
   5.70832541666667        2.40466333333333      -0.645894425626148     
   5.70832541666667        2.70499625000000      -0.635248993893500     
   5.70832541666667        3.00532916666667      -0.625708151260528     
   5.70832541666667        3.30566208333333      -0.616051837788196     
   5.70832541666667        3.60599500000000      -0.604818042292145     
   5.70832541666667        3.90632791666667      -0.591287592423070     
   5.70832541666667        4.20666083333333      -0.576119028823625     
   5.70832541666667        4.50699375000000      -0.560786657646280     
   5.70832541666667        4.80732666666667      -0.546597482464065     
   5.70832541666667        5.10765958333333      -0.534248011470051     
   5.70832541666667        5.40799250000000      -0.523862810121765     
   5.70832541666667        5.70832541666667      -0.515160526381747     
   5.70832541666667        6.00865833333333      -0.507524363256306     
   5.70832541666667        6.30899125000000      -0.500296362133152     
   5.70832541666667        6.60932416666667      -0.492765043512972     
   5.70832541666667        6.90965708333333      -0.483987187150925     
   5.70832541666667        7.20999000000000      -0.472860911335663     
   6.00865833333333       2.000000000000000E-003 -0.710590164314225     
   6.00865833333333       0.302332916666667      -0.709881917352580     
   6.00865833333333       0.602665833333333      -0.702518640441317     
   6.00865833333333       0.902998750000000      -0.691428145615892     
   6.00865833333333        1.20333166666667      -0.678564532560959     
   6.00865833333333        1.50366458333333      -0.665121814311705     
   6.00865833333333        1.80399750000000      -0.652085037374371     
   6.00865833333333        2.10433041666667      -0.640478376896909     
   6.00865833333333        2.40466333333333      -0.631110125711554     
   6.00865833333333        2.70499625000000      -0.624281125205595     
   6.00865833333333        3.00532916666667      -0.619454567772009     
   6.00865833333333        3.30566208333333      -0.614578065606436     
   6.00865833333333        3.60599500000000      -0.606120737538034     
   6.00865833333333        3.90632791666667      -0.592219927782714     
   6.00865833333333        4.20666083333333      -0.574490472269516     
   6.00865833333333        4.50699375000000      -0.556485451884205     
   6.00865833333333        4.80732666666667      -0.540425131145315     
   6.00865833333333        5.10765958333333      -0.527043003006577     
   6.00865833333333        5.40799250000000      -0.516270260382470     
   6.00865833333333        5.70832541666667      -0.507524810573656     
   6.00865833333333        6.00865833333333      -0.500069877133802     
   6.00865833333333        6.30899125000000      -0.493332893725050     
   6.00865833333333        6.60932416666667      -0.486816884029219     
   6.00865833333333        6.90965708333333      -0.479552935997936     
   6.00865833333333        7.20999000000000      -0.469504541465437     
   6.30899125000000       2.000000000000000E-003 -0.699048694041873     
   6.30899125000000       0.302332916666667      -0.696164195663138     
   6.30899125000000       0.602665833333333      -0.685354437362840     
   6.30899125000000       0.902998750000000      -0.672162992925959     
   6.30899125000000        1.20333166666667      -0.658673457343610     
   6.30899125000000        1.50366458333333      -0.645713506493941     
   6.30899125000000        1.80399750000000      -0.633975566857667     
   6.30899125000000        2.10433041666667      -0.624417861830083     
   6.30899125000000        2.40466333333333      -0.618217882341715     
   6.30899125000000        2.70499625000000      -0.616286447056985     
   6.30899125000000        3.00532916666667      -0.618220910758527     
   6.30899125000000        3.30566208333333      -0.619891103353391     
   6.30899125000000        3.60599500000000      -0.614940866795416     
   6.30899125000000        3.90632791666667      -0.599721188765950     
   6.30899125000000        4.20666083333333      -0.577421785892403     
   6.30899125000000        4.50699375000000      -0.554391094434151     
   6.30899125000000        4.80732666666667      -0.535096777737982     
   6.30899125000000        5.10765958333333      -0.520216484206221     
   6.30899125000000        5.40799250000000      -0.508966548058719     
   6.30899125000000        5.70832541666667      -0.500298000767765     
   6.30899125000000        6.00865833333333      -0.493333865865318     
   6.30899125000000        6.30899125000000      -0.487486214565636     
   6.30899125000000        6.60932416666667      -0.482534528574790     
   6.30899125000000        6.90965708333333      -0.477965886021647     
   6.30899125000000        7.20999000000000      -0.470016442434409     
   6.60932416666667       2.000000000000000E-003 -0.696911132220059     
   6.60932416666667       0.302332916666667      -0.689817667562474     
   6.60932416666667       0.602665833333333      -0.673427837141027     
   6.60932416666667       0.902998750000000      -0.656308832988554     
   6.60932416666667        1.20333166666667      -0.640742107015810     
   6.60932416666667        1.50366458333333      -0.627381818520617     
   6.60932416666667        1.80399750000000      -0.616448174202957     
   6.60932416666667        2.10433041666667      -0.608655144411044     
   6.60932416666667        2.40466333333333      -0.605532649534031     
   6.60932416666667        2.70499625000000      -0.608616668060733     
   6.60932416666667        3.00532916666667      -0.617007227204281     
   6.60932416666667        3.30566208333333      -0.625746998771738     
   6.60932416666667        3.60599500000000      -0.624837586949281     
   6.60932416666667        3.90632791666667      -0.607465746094995     
   6.60932416666667        4.20666083333333      -0.579722629790253     
   6.60932416666667        4.50699375000000      -0.551849607046549     
   6.60932416666667        4.80732666666667      -0.529098173179371     
   6.60932416666667        5.10765958333333      -0.512678041796579     
   6.60932416666667        5.40799250000000      -0.501065738855210     
   6.60932416666667        5.70832541666667      -0.492767916762741     
   6.60932416666667        6.00865833333333      -0.486818717867516     
   6.60932416666667        6.30899125000000      -0.482535169534619     
   6.60932416666667        6.60932416666667      -0.479468074851388     
   6.60932416666667        6.90965708333333      -0.478104601761273     
   6.60932416666667        7.20999000000000      -0.473942125084431     
   6.90965708333333       2.000000000000000E-003 -0.689693587296560     
   6.90965708333333       0.302332916666667      -0.682529275420937     
   6.90965708333333       0.602665833333333      -0.663992002786115     
   6.90965708333333       0.902998750000000      -0.641512495076320     
   6.90965708333333        1.20333166666667      -0.622797883651842     
   6.90965708333333        1.50366458333333      -0.608572646390788     
   6.90965708333333        1.80399750000000      -0.598140571401568     
   6.90965708333333        2.10433041666667      -0.591735036855156     
   6.90965708333333        2.40466333333333      -0.590960722493298     
   6.90965708333333        2.70499625000000      -0.597284262062314     
   6.90965708333333        3.00532916666667      -0.609322120099276     
   6.90965708333333        3.30566208333333      -0.621514845626749     
   6.90965708333333        3.60599500000000      -0.623566708146458     
   6.90965708333333        3.90632791666667      -0.604646185863307     
   6.90965708333333        4.20666083333333      -0.574702860708694     
   6.90965708333333        4.50699375000000      -0.544758960329758     
   6.90965708333333        4.80732666666667      -0.520467339403307     
   6.90965708333333        5.10765958333333      -0.503238305757255     
   6.90965708333333        5.40799250000000      -0.491628009973857     
   6.90965708333333        5.70832541666667      -0.483990761565868     
   6.90965708333333        6.00865833333333      -0.479555083737568     
   6.90965708333333        6.30899125000000      -0.477966447186088     
   6.90965708333333        6.60932416666667      -0.478104051427872     
   6.90965708333333        6.90965708333333      -0.477016086893221     
   6.90965708333333        7.20999000000000      -0.474469224634330     
   7.20999000000000       2.000000000000000E-003 -0.669072130922700     
   7.20999000000000       0.302332916666667      -0.666768543935819     
   7.20999000000000       0.602665833333333      -0.648054562684825     
   7.20999000000000       0.902998750000000      -0.622154794050974     
   7.20999000000000        1.20333166666667      -0.602003689886736     
   7.20999000000000        1.50366458333333      -0.587731789332627     
   7.20999000000000        1.80399750000000      -0.577927511335405     
   7.20999000000000        2.10433041666667      -0.572533692933227     
   7.20999000000000        2.40466333333333      -0.573034947756225     
   7.20999000000000        2.70499625000000      -0.580574079337889     
   7.20999000000000        3.00532916666667      -0.593142664825352     
   7.20999000000000        3.30566208333333      -0.605001962431948     
   7.20999000000000        3.60599500000000      -0.613867287542461     
   7.20999000000000        3.90632791666667      -0.588635016244981     
   7.20999000000000        4.20666083333333      -0.560352724589561     
   7.20999000000000        4.50699375000000      -0.531653646428946     
   7.20999000000000        4.80732666666667      -0.507930363536272     
   7.20999000000000        5.10765958333333      -0.491050802316508     
   7.20999000000000        5.40799250000000      -0.479861534326659     
   7.20999000000000        5.70832541666667      -0.472864491857695     
   7.20999000000000        6.00865833333333      -0.469506541865720     
   7.20999000000000        6.30899125000000      -0.470016690398733     
   7.20999000000000        6.60932416666667      -0.473940920298977     
   7.20999000000000        6.90965708333333      -0.474467968535946     
   7.20999000000000        7.20999000000000      -0.465765550408007     
