  2.000000000000000E-003  2.000000000000000E-003  -1.21704414125434     
  2.000000000000000E-003  0.302332916666667       -1.21108634586509     
  2.000000000000000E-003  0.602665833333333       -1.15555583345986     
  2.000000000000000E-003  0.902998750000000       -1.08069885217743     
  2.000000000000000E-003   1.20333166666667       -1.01804209282395     
  2.000000000000000E-003   1.50366458333333      -0.969207587158634     
  2.000000000000000E-003   1.80399750000000      -0.931375480538142     
  2.000000000000000E-003   2.10433041666667      -0.903874107029889     
  2.000000000000000E-003   2.40466333333333      -0.888615585635679     
  2.000000000000000E-003   2.70499625000000      -0.886573616279395     
  2.000000000000000E-003   3.00532916666667      -0.892878772010038     
  2.000000000000000E-003   3.30566208333333      -0.896059908955810     
  2.000000000000000E-003   3.60599500000000      -0.893884825280366     
  2.000000000000000E-003   3.90632791666667      -0.845035651603905     
  2.000000000000000E-003   4.20666083333333      -0.791645518297993     
  2.000000000000000E-003   4.50699375000000      -0.737768744073391     
  2.000000000000000E-003   4.80732666666667      -0.692683000751479     
  2.000000000000000E-003   5.10765958333333      -0.659748958941576     
  2.000000000000000E-003   5.40799250000000      -0.637420566271459     
  2.000000000000000E-003   5.70832541666667      -0.623385864311800     
  2.000000000000000E-003   6.00865833333333      -0.616983028060771     
  2.000000000000000E-003   6.30899125000000      -0.618773386296521     
  2.000000000000000E-003   6.60932416666667      -0.627476974917304     
  2.000000000000000E-003   6.90965708333333      -0.628773627297505     
  2.000000000000000E-003   7.20999000000000      -0.613974293093728     
  0.302332916666667       2.000000000000000E-003  -1.28616916140890     
  0.302332916666667       0.302332916666667       -1.23488818944787     
  0.302332916666667       0.602665833333333       -1.17780902976887     
  0.302332916666667       0.902998750000000       -1.11809543654413     
  0.302332916666667        1.20333166666667       -1.06150893516032     
  0.302332916666667        1.50366458333333       -1.01276833266808     
  0.302332916666667        1.80399750000000      -0.972414553988736     
  0.302332916666667        2.10433041666667      -0.941099344430216     
  0.302332916666667        2.40466333333333      -0.921377920300367     
  0.302332916666667        2.70499625000000      -0.915136676221040     
  0.302332916666667        3.00532916666667      -0.918129925773838     
  0.302332916666667        3.30566208333333      -0.919312507423830     
  0.302332916666667        3.60599500000000      -0.903597002843890     
  0.302332916666667        3.90632791666667      -0.860924358096721     
  0.302332916666667        4.20666083333333      -0.805300005909762     
  0.302332916666667        4.50699375000000      -0.750613672244993     
  0.302332916666667        4.80732666666667      -0.705397590029940     
  0.302332916666667        5.10765958333333      -0.672237199185185     
  0.302332916666667        5.40799250000000      -0.649182794398571     
  0.302332916666667        5.70832541666667      -0.633890220218657     
  0.302332916666667        6.00865833333333      -0.625320226205292     
  0.302332916666667        6.30899125000000      -0.622951753527905     
  0.302332916666667        6.60932416666667      -0.624489145462034     
  0.302332916666667        6.90965708333333      -0.623824579794093     
  0.302332916666667        7.20999000000000      -0.619345625010548     
  0.602665833333333       2.000000000000000E-003  -1.30985961852348     
  0.602665833333333       0.302332916666667       -1.26531172074100     
  0.602665833333333       0.602665833333333       -1.20018930265711     
  0.602665833333333       0.902998750000000       -1.14682515420657     
  0.602665833333333        1.20333166666667       -1.09707360700547     
  0.602665833333333        1.50366458333333       -1.05037072516920     
  0.602665833333333        1.80399750000000       -1.00830544015731     
  0.602665833333333        2.10433041666667      -0.972805923461493     
  0.602665833333333        2.40466333333333      -0.946685065479249     
  0.602665833333333        2.70499625000000      -0.932514795276892     
  0.602665833333333        3.00532916666667      -0.926876619508079     
  0.602665833333333        3.30566208333333      -0.920586911799878     
  0.602665833333333        3.60599500000000      -0.899636361473969     
  0.602665833333333        3.90632791666667      -0.857861793791877     
  0.602665833333333        4.20666083333333      -0.804767650587598     
  0.602665833333333        4.50699375000000      -0.753509005387089     
  0.602665833333333        4.80732666666667      -0.711129563829557     
  0.602665833333333        5.10765958333333      -0.679432919150731     
  0.602665833333333        5.40799250000000      -0.656316657510278     
  0.602665833333333        5.70832541666667      -0.639685034441305     
  0.602665833333333        6.00865833333333      -0.628169206063792     
  0.602665833333333        6.30899125000000      -0.620683682680339     
  0.602665833333333        6.60932416666667      -0.616231553906925     
  0.602665833333333        6.90965708333333      -0.614783871574195     
  0.602665833333333        7.20999000000000      -0.607951799341284     
  0.902998750000000       2.000000000000000E-003  -1.30287031731226     
  0.902998750000000       0.302332916666667       -1.28024093089288     
  0.902998750000000       0.602665833333333       -1.23094743445741     
  0.902998750000000       0.902998750000000       -1.18106918892208     
  0.902998750000000        1.20333166666667       -1.13280830440860     
  0.902998750000000        1.50366458333333       -1.08552092761877     
  0.902998750000000        1.80399750000000       -1.04055383760017     
  0.902998750000000        2.10433041666667       -1.00014279577114     
  0.902998750000000        2.40466333333333      -0.966885759298604     
  0.902998750000000        2.70499625000000      -0.942144272942916     
  0.902998750000000        3.00532916666667      -0.924391086824825     
  0.902998750000000        3.30566208333333      -0.906408734775066     
  0.902998750000000        3.60599500000000      -0.879512593217651     
  0.902998750000000        3.90632791666667      -0.840284679600283     
  0.902998750000000        4.20666083333333      -0.794110263687590     
  0.902998750000000        4.50699375000000      -0.749498489618999     
  0.902998750000000        4.80732666666667      -0.712101872026225     
  0.902998750000000        5.10765958333333      -0.682638697197898     
  0.902998750000000        5.40799250000000      -0.659949873907779     
  0.902998750000000        5.70832541666667      -0.642423519069155     
  0.902998750000000        6.00865833333333      -0.628782191753079     
  0.902998750000000        6.30899125000000      -0.618075178810542     
  0.902998750000000        6.60932416666667      -0.609714169572548     
  0.902998750000000        6.90965708333333      -0.602313711555562     
  0.902998750000000        7.20999000000000      -0.589399414879148     
   1.20333166666667       2.000000000000000E-003  -1.31995893378555     
   1.20333166666667       0.302332916666667       -1.30758430628639     
   1.20333166666667       0.602665833333333       -1.27093118607844     
   1.20333166666667       0.902998750000000       -1.22411861821177     
   1.20333166666667        1.20333166666667       -1.17357648472692     
   1.20333166666667        1.50366458333333       -1.12194034693988     
   1.20333166666667        1.80399750000000       -1.07165012939409     
   1.20333166666667        2.10433041666667       -1.02534108029527     
   1.20333166666667        2.40466333333333      -0.984861669542645     
   1.20333166666667        2.70499625000000      -0.950381539788518     
   1.20333166666667        3.00532916666667      -0.920546107924197     
   1.20333166666667        3.30566208333333      -0.891958953511546     
   1.20333166666667        3.60599500000000      -0.859709137481048     
   1.20333166666667        3.90632791666667      -0.822017710946065     
   1.20333166666667        4.20666083333333      -0.781803310652439     
   1.20333166666667        4.50699375000000      -0.743925271440633     
   1.20333166666667        4.80732666666667      -0.710974476636743     
   1.20333166666667        5.10765958333333      -0.683564985117617     
   1.20333166666667        5.40799250000000      -0.661400864141030     
   1.20333166666667        5.70832541666667      -0.643458690451818     
   1.20333166666667        6.00865833333333      -0.628593673197508     
   1.20333166666667        6.30899125000000      -0.615898861208455     
   1.20333166666667        6.60932416666667      -0.604429335875331     
   1.20333166666667        6.90965708333333      -0.592364447317916     
   1.20333166666667        7.20999000000000      -0.576330089783073     
   1.50366458333333       2.000000000000000E-003  -1.37675854458324     
   1.50366458333333       0.302332916666667       -1.36682936193784     
   1.50366458333333       0.602665833333333       -1.33246944147201     
   1.50366458333333       0.902998750000000       -1.28244389362361     
   1.50366458333333        1.20333166666667       -1.22436728119886     
   1.50366458333333        1.50366458333333       -1.16376060721110     
   1.50366458333333        1.80399750000000       -1.10483981758025     
   1.50366458333333        2.10433041666667       -1.05066582827442     
   1.50366458333333        2.40466333333333       -1.00267255278371     
   1.50366458333333        2.70499625000000      -0.960400185460470     
   1.50366458333333        3.00532916666667      -0.922139595827995     
   1.50366458333333        3.30566208333333      -0.885600947515330     
   1.50366458333333        3.60599500000000      -0.848807114819714     
   1.50366458333333        3.90632791666667      -0.811276248494509     
   1.50366458333333        4.20666083333333      -0.774359870087545     
   1.50366458333333        4.50699375000000      -0.740052478920427     
   1.50366458333333        4.80732666666667      -0.709699067572885     
   1.50366458333333        5.10765958333333      -0.683719313977652     
   1.50366458333333        5.40799250000000      -0.661928604553253     
   1.50366458333333        5.70832541666667      -0.643787913416305     
   1.50366458333333        6.00865833333333      -0.628286818419371     
   1.50366458333333        6.30899125000000      -0.614431362822727     
   1.50366458333333        6.60932416666667      -0.601070284834842     
   1.50366458333333        6.90965708333333      -0.586614911963408     
   1.50366458333333        7.20999000000000      -0.569286035042435     
   1.80399750000000       2.000000000000000E-003  -1.48225551333390     
   1.80399750000000       0.302332916666667       -1.46980721622117     
   1.80399750000000       0.602665833333333       -1.42765041504129     
   1.80399750000000       0.902998750000000       -1.36473101259434     
   1.80399750000000        1.20333166666667       -1.29117397202773     
   1.80399750000000        1.50366458333333       -1.21523854332889     
   1.80399750000000        1.80399750000000       -1.14285797690839     
   1.80399750000000        2.10433041666667       -1.07796237189634     
   1.80399750000000        2.40466333333333       -1.02153958416560     
   1.80399750000000        2.70499625000000      -0.972362034728555     
   1.80399750000000        3.00532916666667      -0.928145870868406     
   1.80399750000000        3.30566208333333      -0.886676509994293     
   1.80399750000000        3.60599500000000      -0.846642664404514     
   1.80399750000000        3.90632791666667      -0.807978882440617     
   1.80399750000000        4.20666083333333      -0.771564644927144     
   1.80399750000000        4.50699375000000      -0.738466144739045     
   1.80399750000000        4.80732666666667      -0.709304269502638     
   1.80399750000000        5.10765958333333      -0.684128310117596     
   1.80399750000000        5.40799250000000      -0.662631674938571     
   1.80399750000000        5.70832541666667      -0.644343463124417     
   1.80399750000000        6.00865833333333      -0.628604266082620     
   1.80399750000000        6.30899125000000      -0.614349844184659     
   1.80399750000000        6.60932416666667      -0.600287858032225     
   1.80399750000000        6.90965708333333      -0.584975485302952     
   1.80399750000000        7.20999000000000      -0.567167166702191     
   2.10433041666667       2.000000000000000E-003  -1.65076154568888     
   2.10433041666667       0.302332916666667       -1.63066656063352     
   2.10433041666667       0.602665833333333       -1.56818059859814     
   2.10433041666667       0.902998750000000       -1.47882150362982     
   2.10433041666667        1.20333166666667       -1.37802429196989     
   2.10433041666667        1.50366458333333       -1.27815371731672     
   2.10433041666667        1.80399750000000       -1.18705310914371     
   2.10433041666667        2.10433041666667       -1.10831081362351     
   2.10433041666667        2.40466333333333       -1.04202565802967     
   2.10433041666667        2.70499625000000      -0.985913681764263     
   2.10433041666667        3.00532916666667      -0.936723659926216     
   2.10433041666667        3.30566208333333      -0.891621841580804     
   2.10433041666667        3.60599500000000      -0.849076586411464     
   2.10433041666667        3.90632791666667      -0.808965313140818     
   2.10433041666667        4.20666083333333      -0.772007063453136     
   2.10433041666667        4.50699375000000      -0.738967084367249     
   2.10433041666667        4.80732666666667      -0.710142012740963     
   2.10433041666667        5.10765958333333      -0.685333837681816     
   2.10433041666667        5.40799250000000      -0.664114740829466     
   2.10433041666667        5.70832541666667      -0.646023415161227     
   2.10433041666667        6.00865833333333      -0.630493776355688     
   2.10433041666667        6.30899125000000      -0.616604881046405     
   2.10433041666667        6.60932416666667      -0.602932510123749     
   2.10433041666667        6.90965708333333      -0.587804107228942     
   2.10433041666667        7.20999000000000      -0.569960046253559     
   2.40466333333333       2.000000000000000E-003  -1.90946616248452     
   2.40466333333333       0.302332916666667       -1.87224715768238     
   2.40466333333333       0.602665833333333       -1.76675039680489     
   2.40466333333333       0.902998750000000       -1.62802130834245     
   2.40466333333333        1.20333166666667       -1.48450029156080     
   2.40466333333333        1.50366458333333       -1.35184994377340     
   2.40466333333333        1.80399750000000       -1.23691558463929     
   2.40466333333333        2.10433041666667       -1.14144444047251     
   2.40466333333333        2.40466333333333       -1.06385567034906     
   2.40466333333333        2.70499625000000       -1.00039601712137     
   2.40466333333333        3.00532916666667      -0.946525151403736     
   2.40466333333333        3.30566208333333      -0.898390887521304     
   2.40466333333333        3.60599500000000      -0.853804356668037     
   2.40466333333333        3.90632791666667      -0.812312470167096     
   2.40466333333333        4.20666083333333      -0.774492415917004     
   2.40466333333333        4.50699375000000      -0.741021834983722     
   2.40466333333333        4.80732666666667      -0.712101369234922     
   2.40466333333333        5.10765958333333      -0.687441484351105     
   2.40466333333333        5.40799250000000      -0.666583958331130     
   2.40466333333333        5.70832541666667      -0.649142631363840     
   2.40466333333333        6.00865833333333      -0.634697871332405     
   2.40466333333333        6.30899125000000      -0.622380441583537     
   2.40466333333333        6.60932416666667      -0.610459330514732     
   2.40466333333333        6.90965708333333      -0.596562578603200     
   2.40466333333333        7.20999000000000      -0.578955684888858     
   2.70499625000000       2.000000000000000E-003  -2.25866917916876     
   2.70499625000000       0.302332916666667       -2.19843492841597     
   2.70499625000000       0.602665833333333       -2.03240921154837     
   2.70499625000000       0.902998750000000       -1.81528306177242     
   2.70499625000000        1.20333166666667       -1.60713461751194     
   2.70499625000000        1.50366458333333       -1.43189589060966     
   2.70499625000000        1.80399750000000       -1.28903642277708     
   2.70499625000000        2.10433041666667       -1.17515237755739     
   2.70499625000000        2.40466333333333       -1.08559879212621     
   2.70499625000000        2.70499625000000       -1.01465657007758     
   2.70499625000000        3.00532916666667      -0.956303844279405     
   2.70499625000000        3.30566208333333      -0.905512237375652     
   2.70499625000000        3.60599500000000      -0.859253118620485     
   2.70499625000000        3.90632791666667      -0.816595198873402     
   2.70499625000000        4.20666083333333      -0.777928582514371     
   2.70499625000000        4.50699375000000      -0.743902620263031     
   2.70499625000000        4.80732666666667      -0.714736052415496     
   2.70499625000000        5.10765958333333      -0.690168494084677     
   2.70499625000000        5.40799250000000      -0.669825086446361     
   2.70499625000000        5.70832541666667      -0.653533213965032     
   2.70499625000000        6.00865833333333      -0.641247883615566     
   2.70499625000000        6.30899125000000      -0.632451206566813     
   2.70499625000000        6.60932416666667      -0.624375527619399     
   2.70499625000000        6.90965708333333      -0.612658522960730     
   2.70499625000000        7.20999000000000      -0.595289572454021     
   3.00532916666667       2.000000000000000E-003  -2.63856380619999     
   3.00532916666667       0.302332916666667       -2.55458719511746     
   3.00532916666667       0.602665833333333       -2.32131023491152     
   3.00532916666667       0.902998750000000       -2.02031424060173     
   3.00532916666667        1.20333166666667       -1.73288224038838     
   3.00532916666667        1.50366458333333       -1.50811417729623     
   3.00532916666667        1.80399750000000       -1.33665248060768     
   3.00532916666667        2.10433041666667       -1.20521392507085     
   3.00532916666667        2.40466333333333       -1.10466244133246     
   3.00532916666667        2.70499625000000       -1.02699361377536     
   3.00532916666667        3.00532916666667      -0.964726252359284     
   3.00532916666667        3.30566208333333      -0.911732176365581     
   3.00532916666667        3.60599500000000      -0.864175753926027     
   3.00532916666667        3.90632791666667      -0.820635472689905     
   3.00532916666667        4.20666083333333      -0.781296023377369     
   3.00532916666667        4.50699375000000      -0.746786559907615     
   3.00532916666667        4.80732666666667      -0.717385736564170     
   3.00532916666667        5.10765958333333      -0.692927495618286     
   3.00532916666667        5.40799250000000      -0.673207267430405     
   3.00532916666667        5.70832541666667      -0.658428510861593     
   3.00532916666667        6.00865833333333      -0.649358534937941     
   3.00532916666667        6.30899125000000      -0.646045921483985     
   3.00532916666667        6.60932416666667      -0.643261824942312     
   3.00532916666667        6.90965708333333      -0.634340852598362     
   3.00532916666667        7.20999000000000      -0.616704300438509     
   3.30566208333333       2.000000000000000E-003  -2.92178061005635     
   3.30566208333333       0.302332916666667       -2.82825426771681     
   3.30566208333333       0.602665833333333       -2.55324315768973     
   3.30566208333333       0.902998750000000       -2.18307303452055     
   3.30566208333333        1.20333166666667       -1.83370338408214     
   3.30566208333333        1.50366458333333       -1.56483754381873     
   3.30566208333333        1.80399750000000       -1.37075763378331     
   3.30566208333333        2.10433041666667       -1.22632539066377     
   3.30566208333333        2.40466333333333       -1.11788665878034     
   3.30566208333333        2.70499625000000       -1.03546370826829     
   3.30566208333333        3.00532916666667      -0.970465718638829     
   3.30566208333333        3.30566208333333      -0.915975653629057     
   3.30566208333333        3.60599500000000      -0.867577491176870     
   3.30566208333333        3.90632791666667      -0.823484866275146     
   3.30566208333333        4.20666083333333      -0.783720693096341     
   3.30566208333333        4.50699375000000      -0.748896003088337     
   3.30566208333333        4.80732666666667      -0.719344413328804     
   3.30566208333333        5.10765958333333      -0.694995245903926     
   3.30566208333333        5.40799250000000      -0.675820564294162     
   3.30566208333333        5.70832541666667      -0.662443609232460     
   3.30566208333333        6.00865833333333      -0.656757146878805     
   3.30566208333333        6.30899125000000      -0.658652286161037     
   3.30566208333333        6.60932416666667      -0.661777301768006     
   3.30566208333333        6.90965708333333      -0.655554946291736     
   3.30566208333333        7.20999000000000      -0.637001416924495     
   3.60599500000000       2.000000000000000E-003  -3.11137352024926     
   3.60599500000000       0.302332916666667       -2.92755349010055     
   3.60599500000000       0.602665833333333       -2.64093527003399     
   3.60599500000000       0.902998750000000       -2.24554156967507     
   3.60599500000000        1.20333166666667       -1.87250611240959     
   3.60599500000000        1.50366458333333       -1.58608270501479     
   3.60599500000000        1.80399750000000       -1.38323047953970     
   3.60599500000000        2.10433041666667       -1.23395767846478     
   3.60599500000000        2.40466333333333       -1.12263568737359     
   3.60599500000000        2.70499625000000       -1.03848853029329     
   3.60599500000000        3.00532916666667      -0.972505593029231     
   3.60599500000000        3.30566208333333      -0.917481878487143     
   3.60599500000000        3.60599500000000      -0.868790105372737     
   3.60599500000000        3.90632791666667      -0.824509137128074     
   3.60599500000000        4.20666083333333      -0.784600503868795     
   3.60599500000000        4.50699375000000      -0.749667742440847     
   3.60599500000000        4.80732666666667      -0.720066333710757     
   3.60599500000000        5.10765958333333      -0.695765531915830     
   3.60599500000000        5.40799250000000      -0.676814074705655     
   3.60599500000000        5.70832541666667      -0.664029471092486     
   3.60599500000000        6.00865833333333      -0.659821519549657     
   3.60599500000000        6.30899125000000      -0.663997838942171     
   3.60599500000000        6.60932416666667      -0.670046887432823     
   3.60599500000000        6.90965708333333      -0.665918576090017     
   3.60599500000000        7.20999000000000      -0.653803662646113     
   3.90632791666667       2.000000000000000E-003  -2.92178907346524     
   3.90632791666667       0.302332916666667       -2.82813579816411     
   3.90632791666667       0.602665833333333       -2.55313565283207     
   3.90632791666667       0.902998750000000       -2.18301047786631     
   3.90632791666667        1.20333166666667       -1.83367397339804     
   3.90632791666667        1.50366458333333       -1.56482282160300     
   3.90632791666667        1.80399750000000       -1.37074804061146     
   3.90632791666667        2.10433041666667       -1.22631782388791     
   3.90632791666667        2.40466333333333       -1.11788018444364     
   3.90632791666667        2.70499625000000       -1.03545825168283     
   3.90632791666667        3.00532916666667      -0.970461478706441     
   3.90632791666667        3.30566208333333      -0.915972726493184     
   3.90632791666667        3.60599500000000      -0.867575663665758     
   3.90632791666667        3.90632791666667      -0.823483660431097     
   3.90632791666667        4.20666083333333      -0.783719681258642     
   3.90632791666667        4.50699375000000      -0.748895265995299     
   3.90632791666667        4.80732666666667      -0.719344914739215     
   3.90632791666667        5.10765958333333      -0.694998974775887     
   3.90632791666667        5.40799250000000      -0.675830629255672     
   3.90632791666667        5.70832541666667      -0.662465213377988     
   3.90632791666667        6.00865833333333      -0.656802497886952     
   3.90632791666667        6.30899125000000      -0.658741703872257     
   3.90632791666667        6.60932416666667      -0.661922392834940     
   3.90632791666667        6.90965708333333      -0.655717427102976     
   3.90632791666667        7.20999000000000      -0.637040396918336     
   4.20666083333333       2.000000000000000E-003  -2.63857912466213     
   4.20666083333333       0.302332916666667       -2.55448538594084     
   4.20666083333333       0.602665833333333       -2.32119565600193     
   4.20666083333333       0.902998750000000       -2.02023973943605     
   4.20666083333333        1.20333166666667       -1.73284549991711     
   4.20666083333333        1.50366458333333       -1.50809424048715     
   4.20666083333333        1.80399750000000       -1.33663865706941     
   4.20666083333333        2.10433041666667       -1.20520198697711     
   4.20666083333333        2.40466333333333       -1.10465114666548     
   4.20666083333333        2.70499625000000       -1.02698327904860     
   4.20666083333333        3.00532916666667      -0.964717814008576     
   4.20666083333333        3.30566208333333      -0.911726349144681     
   4.20666083333333        3.60599500000000      -0.864172433680190     
   4.20666083333333        3.90632791666667      -0.820633683968855     
   4.20666083333333        4.20666083333333      -0.781294529419427     
   4.20666083333333        4.50699375000000      -0.746784883394919     
   4.20666083333333        4.80732666666667      -0.717385066835845     
   4.20666083333333        5.10765958333333      -0.692931047628754     
   4.20666083333333        5.40799250000000      -0.673220202127966     
   4.20666083333333        5.70832541666667      -0.658458485540760     
   4.20666083333333        6.00865833333333      -0.649419533444700     
   4.20666083333333        6.30899125000000      -0.646162501725695     
   4.20666083333333        6.60932416666667      -0.643435746003422     
   4.20666083333333        6.90965708333333      -0.634515138558060     
   4.20666083333333        7.20999000000000      -0.616767132547836     
   4.50699375000000       2.000000000000000E-003  -2.25868195709321     
   4.50699375000000       0.302332916666667       -2.19838277200833     
   4.50699375000000       0.602665833333333       -2.03234157473580     
   4.50699375000000       0.902998750000000       -1.81523765435548     
   4.50699375000000        1.20333166666667       -1.60711077640902     
   4.50699375000000        1.50366458333333       -1.43188231304926     
   4.50699375000000        1.80399750000000       -1.28902551722989     
   4.50699375000000        2.10433041666667       -1.17514024142756     
   4.50699375000000        2.40466333333333       -1.08558454480158     
   4.50699375000000        2.70499625000000       -1.01464162814644     
   4.50699375000000        3.00532916666667      -0.956290784206370     
   4.50699375000000        3.30566208333333      -0.905503288471750     
   4.50699375000000        3.60599500000000      -0.859248847217923     
   4.50699375000000        3.90632791666667      -0.816594107692042     
   4.50699375000000        4.20666083333333      -0.777927976954788     
   4.50699375000000        4.50699375000000      -0.743900375194905     
   4.50699375000000        4.80732666666667      -0.714732340155674     
   4.50699375000000        5.10765958333333      -0.690166559317036     
   4.50699375000000        5.40799250000000      -0.669830845964438     
   4.50699375000000        5.70832541666667      -0.653554447106475     
   4.50699375000000        6.00865833333333      -0.641294381661098     
   4.50699375000000        6.30899125000000      -0.632536030784437     
   4.50699375000000        6.60932416666667      -0.624498443520153     
   4.50699375000000        6.90965708333333      -0.612774871479603     
   4.50699375000000        7.20999000000000      -0.595336080477534     
   4.80732666666667       2.000000000000000E-003  -1.90947451882725     
   4.80732666666667       0.302332916666667       -1.87223302934990     
   4.80732666666667       0.602665833333333       -1.76673196327907     
   4.80732666666667       0.902998750000000       -1.62801089905189     
   4.80732666666667        1.20333166666667       -1.48449785684519     
   4.80732666666667        1.50366458333333       -1.35184997584754     
   4.80732666666667        1.80399750000000       -1.23691234468750     
   4.80732666666667        2.10433041666667       -1.14143441370706     
   4.80732666666667        2.40466333333333       -1.06383870839915     
   4.80732666666667        2.70499625000000       -1.00037534268674     
   4.80732666666667        3.00532916666667      -0.946505990056792     
   4.80732666666667        3.30566208333333      -0.898378030951550     
   4.80732666666667        3.60599500000000      -0.853799725020774     
   4.80732666666667        3.90632791666667      -0.812314037295307     
   4.80732666666667        4.20666083333333      -0.774495278072479     
   4.80732666666667        4.50699375000000      -0.741020959461353     
   4.80732666666667        4.80732666666667      -0.712094509182459     
   4.80732666666667        5.10765958333333      -0.687430674866882     
   4.80732666666667        5.40799250000000      -0.666574938326004     
   4.80732666666667        5.70832541666667      -0.649142773257833     
   4.80732666666667        6.00865833333333      -0.634713797486531     
   4.80732666666667        6.30899125000000      -0.622415603110791     
   4.80732666666667        6.60932416666667      -0.610509469807305     
   4.80732666666667        6.90965708333333      -0.596608212015009     
   4.80732666666667        7.20999000000000      -0.578966455395900     
   5.10765958333333       2.000000000000000E-003  -1.65076713929441     
   5.10765958333333       0.302332916666667       -1.63067532139655     
   5.10765958333333       0.602665833333333       -1.56819463836106     
   5.10765958333333       0.902998750000000       -1.47884012680382     
   5.10765958333333        1.20333166666667       -1.37804381927029     
   5.10765958333333        1.50366458333333       -1.27816861246651     
   5.10765958333333        1.80399750000000       -1.18705773404633     
   5.10765958333333        2.10433041666667       -1.10830173331964     
   5.10765958333333        2.40466333333333       -1.04200363926565     
   5.10765958333333        2.70499625000000      -0.985884285833733     
   5.10765958333333        3.00532916666667      -0.936695645827875     
   5.10765958333333        3.30566208333333      -0.891603614137578     
   5.10765958333333        3.60599500000000      -0.849072185089477     
   5.10765958333333        3.90632791666667      -0.808972208513558     
   5.10765958333333        4.20666083333333      -0.772017364223899     
   5.10765958333333        4.50699375000000      -0.738971620667025     
   5.10765958333333        4.80732666666667      -0.710134865034042     
   5.10765958333333        5.10765958333333      -0.685314831562469     
   5.10765958333333        5.40799250000000      -0.664088903812359     
   5.10765958333333        5.70832541666667      -0.645998085823873     
   5.10765958333333        6.00865833333333      -0.630474983407911     
   5.10765958333333        6.30899125000000      -0.616594431114836     
   5.10765958333333        6.60932416666667      -0.602926584191549     
   5.10765958333333        6.90965708333333      -0.587793874175384     
   5.10765958333333        7.20999000000000      -0.569935493739876     
   5.40799250000000       2.000000000000000E-003  -1.48226352958058     
   5.40799250000000       0.302332916666667       -1.46982890612325     
   5.40799250000000       0.602665833333333       -1.42768354056338     
   5.40799250000000       0.902998750000000       -1.36477115628673     
   5.40799250000000        1.20333166666667       -1.29121227471247     
   5.40799250000000        1.50366458333333       -1.21526501340336     
   5.40799250000000        1.80399750000000       -1.14286666388736     
   5.40799250000000        2.10433041666667       -1.07795012400051     
   5.40799250000000        2.40466333333333       -1.02150816514652     
   5.40799250000000        2.70499625000000      -0.972319483897576     
   5.40799250000000        3.00532916666667      -0.928105090166972     
   5.40799250000000        3.30566208333333      -0.886650747384810     
   5.40799250000000        3.60599500000000      -0.846639243590342     
   5.40799250000000        3.90632791666667      -0.807994817014384     
   5.40799250000000        4.20666083333333      -0.771587922529079     
   5.40799250000000        4.50699375000000      -0.738482100240534     
   5.40799250000000        4.80732666666667      -0.709302397433311     
   5.40799250000000        5.10765958333333      -0.684105731791688     
   5.40799250000000        5.40799250000000      -0.662592517511997     
   5.40799250000000        5.70832541666667      -0.644295429496205     
   5.40799250000000        6.00865833333333      -0.628554671061999     
   5.40799250000000        6.30899125000000      -0.614303109884097     
   5.40799250000000        6.60932416666667      -0.600241560886630     
   5.40799250000000        6.90965708333333      -0.584924886245694     
   5.40799250000000        7.20999000000000      -0.567111397617154     
   5.70832541666667       2.000000000000000E-003  -1.37677802537331     
   5.70832541666667       0.302332916666667       -1.36685989828781     
   5.70832541666667       0.602665833333333       -1.33250878995856     
   5.70832541666667       0.902998750000000       -1.28249018139384     
   5.70832541666667        1.20333166666667       -1.22441270287926     
   5.70832541666667        1.50366458333333       -1.16379235332783     
   5.70832541666667        1.80399750000000       -1.10484710557013     
   5.70832541666667        2.10433041666667       -1.05064556622111     
   5.70832541666667        2.40466333333333       -1.00262711656787     
   5.70832541666667        2.70499625000000      -0.960339248476068     
   5.70832541666667        3.00532916666667      -0.922080308281381     
   5.70832541666667        3.30566208333333      -0.885563836816508     
   5.70832541666667        3.60599500000000      -0.848806003790321     
   5.70832541666667        3.90632791666667      -0.811307687434209     
   5.70832541666667        4.20666083333333      -0.774404485715822     
   5.70832541666667        4.50699375000000      -0.740087578011026     
   5.70832541666667        4.80732666666667      -0.709709237714272     
   5.70832541666667        5.10765958333333      -0.683699556352321     
   5.70832541666667        5.40799250000000      -0.661882546251185     
   5.70832541666667        5.70832541666667      -0.643724816091657     
   5.70832541666667        6.00865833333333      -0.628218656507596     
   5.70832541666667        6.30899125000000      -0.614360766771135     
   5.70832541666667        6.60932416666667      -0.600989351303302     
   5.70832541666667        6.90965708333333      -0.586518056875003     
   5.70832541666667        7.20999000000000      -0.569184175245276     
   6.00865833333333       2.000000000000000E-003  -1.32000076599867     
   6.00865833333333       0.302332916666667       -1.30762070149662     
   6.00865833333333       0.602665833333333       -1.27096460052493     
   6.00865833333333       0.902998750000000       -1.22415696932585     
   6.00865833333333        1.20333166666667       -1.17361561488821     
   6.00865833333333        1.50366458333333       -1.12196714049661     
   6.00865833333333        1.80399750000000       -1.07165125364955     
   6.00865833333333        2.10433041666667       -1.02530997554034     
   6.00865833333333        2.40466333333333      -0.984799369145815     
   6.00865833333333        2.70499625000000      -0.950295869793351     
   6.00865833333333        3.00532916666667      -0.920456393912373     
   6.00865833333333        3.30566208333333      -0.891899537785730     
   6.00865833333333        3.60599500000000      -0.859713056038366     
   6.00865833333333        3.90632791666667      -0.822080756458399     
   6.00865833333333        4.20666083333333      -0.781885679612533     
   6.00865833333333        4.50699375000000      -0.743989647878819     
   6.00865833333333        4.80732666666667      -0.711002605876030     
   6.00865833333333        5.10765958333333      -0.683553080256962     
   6.00865833333333        5.40799250000000      -0.661353982853650     
   6.00865833333333        5.70832541666667      -0.643392172966232     
   6.00865833333333        6.00865833333333      -0.628520067255745     
   6.00865833333333        6.30899125000000      -0.615814433841049     
   6.00865833333333        6.60932416666667      -0.604311474122154     
   6.00865833333333        6.90965708333333      -0.592197185439122     
   6.00865833333333        7.20999000000000      -0.576146144231875     
   6.30899125000000       2.000000000000000E-003  -1.30294600502341     
   6.30899125000000       0.302332916666667       -1.28028170023148     
   6.30899125000000       0.602665833333333       -1.23097075643041     
   6.30899125000000       0.902998750000000       -1.18109694219370     
   6.30899125000000        1.20333166666667       -1.13283705187949     
   6.30899125000000        1.50366458333333       -1.08553761008433     
   6.30899125000000        1.80399750000000       -1.04054609106739     
   6.30899125000000        2.10433041666667       -1.00010238564004     
   6.30899125000000        2.40466333333333      -0.966808060004516     
   6.30899125000000        2.70499625000000      -0.942025629393786     
   6.30899125000000        3.00532916666667      -0.924249025299845     
   6.30899125000000        3.30566208333333      -0.906307727642380     
   6.30899125000000        3.60599500000000      -0.879523775156193     
   6.30899125000000        3.90632791666667      -0.840404406692934     
   6.30899125000000        4.20666083333333      -0.794259157936910     
   6.30899125000000        4.50699375000000      -0.749605750957743     
   6.30899125000000        4.80732666666667      -0.712150165607478     
   6.30899125000000        5.10765958333333      -0.682635475674789     
   6.30899125000000        5.40799250000000      -0.659907585855624     
   6.30899125000000        5.70832541666667      -0.642360746996264     
   6.30899125000000        6.00865833333333      -0.628709937114587     
   6.30899125000000        6.30899125000000      -0.617982406816114     
   6.30899125000000        6.60932416666667      -0.609553497862017     
   6.30899125000000        6.90965708333333      -0.602035594679559     
   6.30899125000000        7.20999000000000      -0.589073884187965     
   6.60932416666667       2.000000000000000E-003  -1.30996916726123     
   6.60932416666667       0.302332916666667       -1.26535909603664     
   6.60932416666667       0.602665833333333       -1.20022729863313     
   6.60932416666667       0.902998750000000       -1.14686346371510     
   6.60932416666667        1.20333166666667       -1.09710104753319     
   6.60932416666667        1.50366458333333       -1.05038009496363     
   6.60932416666667        1.80399750000000       -1.00829163930131     
   6.60932416666667        2.10433041666667      -0.972763593933532     
   6.60932416666667        2.40466333333333      -0.946603045315109     
   6.60932416666667        2.70499625000000      -0.932373944489138     
   6.60932416666667        3.00532916666667      -0.926690669557777     
   6.60932416666667        3.30566208333333      -0.920434230122310     
   6.60932416666667        3.60599500000000      -0.899652494167520     
   6.60932416666667        3.90632791666667      -0.858048344327046     
   6.60932416666667        4.20666083333333      -0.804979065080986     
   6.60932416666667        4.50699375000000      -0.753653636345764     
   6.60932416666667        4.80732666666667      -0.711190317503353     
   6.60932416666667        5.10765958333333      -0.679433456638609     
   6.60932416666667        5.40799250000000      -0.656278973481008     
   6.60932416666667        5.70832541666667      -0.639624930513907     
   6.60932416666667        6.00865833333333      -0.628094078097191     
   6.60932416666667        6.30899125000000      -0.620579533384704     
   6.60932416666667        6.60932416666667      -0.616035978956638     
   6.60932416666667        6.90965708333333      -0.614393270271005     
   6.60932416666667        7.20999000000000      -0.607460642826279     
   6.90965708333333       2.000000000000000E-003  -1.28625574808754     
   6.90965708333333       0.302332916666667       -1.23496141470677     
   6.90965708333333       0.602665833333333       -1.17792717292452     
   6.90965708333333       0.902998750000000       -1.11817523903341     
   6.90965708333333        1.20333166666667       -1.06154521570654     
   6.90965708333333        1.50366458333333       -1.01277492582880     
   6.90965708333333        1.80399750000000      -0.972400609452508     
   6.90965708333333        2.10433041666667      -0.941067573595858     
   6.90965708333333        2.40466333333333      -0.921318860797544     
   6.90965708333333        2.70499625000000      -0.915033573618349     
   6.90965708333333        3.00532916666667      -0.917977094606128     
   6.90965708333333        3.30566208333333      -0.919153231143464     
   6.90965708333333        3.60599500000000      -0.903604069217963     
   6.90965708333333        3.90632791666667      -0.861121296848617     
   6.90965708333333        4.20666083333333      -0.805492533910566     
   6.90965708333333        4.50699375000000      -0.750733242061131     
   6.90965708333333        4.80732666666667      -0.705444053201564     
   6.90965708333333        5.10765958333333      -0.672231354863265     
   6.90965708333333        5.40799250000000      -0.649145360228237     
   6.90965708333333        5.70832541666667      -0.633828313733086     
   6.90965708333333        6.00865833333333      -0.625233157743971     
   6.90965708333333        6.30899125000000      -0.622824874522644     
   6.90965708333333        6.60932416666667      -0.624287971217047     
   6.90965708333333        6.90965708333333      -0.623520358817391     
   6.90965708333333        7.20999000000000      -0.618966307250836     
   7.20999000000000       2.000000000000000E-003  -1.21706553379671     
   7.20999000000000       0.302332916666667       -1.21121330582738     
   7.20999000000000       0.602665833333333       -1.15572302656209     
   7.20999000000000       0.902998750000000       -1.08079375100738     
   7.20999000000000        1.20333166666667       -1.01807628302469     
   7.20999000000000        1.50366458333333      -0.969209514516525     
   7.20999000000000        1.80399750000000      -0.931365197662543     
   7.20999000000000        2.10433041666667      -0.903863494283790     
   7.20999000000000        2.40466333333333      -0.888610044767971     
   7.20999000000000        2.70499625000000      -0.886574309271589     
   7.20999000000000        3.00532916666667      -0.892885137308923     
   7.20999000000000        3.30566208333333      -0.896061737364229     
   7.20999000000000        3.60599500000000      -0.893861120905182     
   7.20999000000000        3.90632791666667      -0.845047235747158     
   7.20999000000000        4.20666083333333      -0.791665462389467     
   7.20999000000000        4.50699375000000      -0.737781035783829     
   7.20999000000000        4.80732666666667      -0.692677968515352     
   7.20999000000000        5.10765958333333      -0.659725013452169     
   7.20999000000000        5.40799250000000      -0.637379944605425     
   7.20999000000000        5.70832541666667      -0.623323849922626     
   7.20999000000000        6.00865833333333      -0.616891544279247     
   7.20999000000000        6.30899125000000      -0.618640559642767     
   7.20999000000000        6.60932416666667      -0.627298339732593     
   7.20999000000000        6.90965708333333      -0.628613447797758     
   7.20999000000000        7.20999000000000      -0.613851945986786     
