  2.000000000000000E-003  2.000000000000000E-003 -0.917115951423828     
  2.000000000000000E-003  0.302332916666667      -0.924669075176308     
  2.000000000000000E-003  0.602665833333333      -0.892351725850783     
  2.000000000000000E-003  0.902998750000000      -0.840590917739662     
  2.000000000000000E-003   1.20333166666667      -0.799708131398305     
  2.000000000000000E-003   1.50366458333333      -0.771841631225068     
  2.000000000000000E-003   1.80399750000000      -0.754830060249757     
  2.000000000000000E-003   2.10433041666667      -0.748648340703119     
  2.000000000000000E-003   2.40466333333333      -0.756059022479457     
  2.000000000000000E-003   2.70499625000000      -0.778443889737346     
  2.000000000000000E-003   3.00532916666667      -0.809208953364800     
  2.000000000000000E-003   3.30566208333333      -0.833094646074101     
  2.000000000000000E-003   3.60599500000000      -0.846689154937811     
  2.000000000000000E-003   3.90632791666667      -0.803540206551088     
  2.000000000000000E-003   4.20666083333333      -0.751239536924341     
  2.000000000000000E-003   4.50699375000000      -0.694324950974534     
  2.000000000000000E-003   4.80732666666667      -0.646988310490258     
  2.000000000000000E-003   5.10765958333333      -0.614686033260529     
  2.000000000000000E-003   5.40799250000000      -0.595755571963789     
  2.000000000000000E-003   5.70832541666667      -0.587205190468286     
  2.000000000000000E-003   6.00865833333333      -0.588145147185148     
  2.000000000000000E-003   6.30899125000000      -0.599134407930792     
  2.000000000000000E-003   6.60932416666667      -0.618079178592281     
  2.000000000000000E-003   6.90965708333333      -0.625611162082076     
  2.000000000000000E-003   7.20999000000000      -0.611314206880024     
  0.302332916666667       2.000000000000000E-003 -0.948974069837563     
  0.302332916666667       0.302332916666667      -0.916942201415502     
  0.302332916666667       0.602665833333333      -0.890123495306198     
  0.302332916666667       0.902998750000000      -0.858202927791907     
  0.302332916666667        1.20333166666667      -0.826636452737327     
  0.302332916666667        1.50366458333333      -0.801493495818013     
  0.302332916666667        1.80399750000000      -0.784323128908650     
  0.302332916666667        2.10433041666667      -0.776500668673592     
  0.302332916666667        2.40466333333333      -0.781394291998694     
  0.302332916666667        2.70499625000000      -0.801070750733078     
  0.302332916666667        3.00532916666667      -0.829398642140768     
  0.302332916666667        3.30566208333333      -0.852046284867625     
  0.302332916666667        3.60599500000000      -0.851787795818645     
  0.302332916666667        3.90632791666667      -0.818207297565111     
  0.302332916666667        4.20666083333333      -0.763919864485284     
  0.302332916666667        4.50699375000000      -0.706667941227378     
  0.302332916666667        4.80732666666667      -0.659757566326123     
  0.302332916666667        5.10765958333333      -0.627782559658737     
  0.302332916666667        5.40799250000000      -0.608506783807399     
  0.302332916666667        5.70832541666667      -0.598840433572620     
  0.302332916666667        6.00865833333333      -0.597296834708863     
  0.302332916666667        6.30899125000000      -0.602790431619197     
  0.302332916666667        6.60932416666667      -0.611504102260175     
  0.302332916666667        6.90965708333333      -0.615875755653519     
  0.302332916666667        7.20999000000000      -0.618553730096991     
  0.602665833333333       2.000000000000000E-003 -0.941097620846096     
  0.602665833333333       0.302332916666667      -0.918856014917653     
  0.602665833333333       0.602665833333333      -0.887474645106873     
  0.602665833333333       0.902998750000000      -0.865755581186114     
  0.602665833333333        1.20333166666667      -0.844353196602202     
  0.602665833333333        1.50366458333333      -0.824124427038911     
  0.602665833333333        1.80399750000000      -0.807709233978698     
  0.602665833333333        2.10433041666667      -0.797715171600749     
  0.602665833333333        2.40466333333333      -0.797504253748396     
  0.602665833333333        2.70499625000000      -0.809915499676849     
  0.602665833333333        3.00532916666667      -0.829544584306543     
  0.602665833333333        3.30566208333333      -0.844915594078002     
  0.602665833333333        3.60599500000000      -0.839862464507745     
  0.602665833333333        3.90632791666667      -0.807144852290615     
  0.602665833333333        4.20666083333333      -0.756666604065135     
  0.602665833333333        4.50699375000000      -0.705090015523820     
  0.602665833333333        4.80732666666667      -0.663008262555129     
  0.602665833333333        5.10765958333333      -0.633937227225871     
  0.602665833333333        5.40799250000000      -0.615299302351907     
  0.602665833333333        5.70832541666667      -0.604406788508020     
  0.602665833333333        6.00865833333333      -0.599259635780672     
  0.602665833333333        6.30899125000000      -0.598031653270460     
  0.602665833333333        6.60932416666667      -0.599125591599962     
  0.602665833333333        6.90965708333333      -0.604060378828095     
  0.602665833333333        7.20999000000000      -0.603726197019784     
  0.902998750000000       2.000000000000000E-003 -0.908111940518159     
  0.902998750000000       0.302332916666667      -0.909077372980790     
  0.902998750000000       0.602665833333333      -0.892583004810545     
  0.902998750000000       0.902998750000000      -0.876526458876011     
  0.902998750000000        1.20333166666667      -0.860325206728330     
  0.902998750000000        1.50366458333333      -0.843252739956901     
  0.902998750000000        1.80399750000000      -0.827032502394087     
  0.902998750000000        2.10433041666667      -0.814293584905513     
  0.902998750000000        2.40466333333333      -0.808226578822044     
  0.902998750000000        2.70499625000000      -0.809993754293798     
  0.902998750000000        3.00532916666667      -0.816971117523780     
  0.902998750000000        3.30566208333333      -0.819897634981967     
  0.902998750000000        3.60599500000000      -0.808491064682254     
  0.902998750000000        3.90632791666667      -0.778727126479789     
  0.902998750000000        4.20666083333333      -0.737101130724170     
  0.902998750000000        4.50699375000000      -0.694791190721489     
  0.902998750000000        4.80732666666667      -0.660277438035711     
  0.902998750000000        5.10765958333333      -0.635057431605529     
  0.902998750000000        5.40799250000000      -0.617674776216533     
  0.902998750000000        5.70832541666667      -0.606130788628968     
  0.902998750000000        6.00865833333333      -0.598546319127253     
  0.902998750000000        6.30899125000000      -0.593485639836810     
  0.902998750000000        6.60932416666667      -0.590346175827067     
  0.902998750000000        6.90965708333333      -0.588172282721921     
  0.902998750000000        7.20999000000000      -0.578607758566294     
   1.20333166666667       2.000000000000000E-003 -0.888398214053140     
   1.20333166666667       0.302332916666667      -0.901447639991935     
   1.20333166666667       0.602665833333333      -0.899157488055124     
   1.20333166666667       0.902998750000000      -0.890350153847512     
   1.20333166666667        1.20333166666667      -0.877760556136276     
   1.20333166666667        1.50366458333333      -0.862149395603869     
   1.20333166666667        1.80399750000000      -0.845134515653907     
   1.20333166666667        2.10433041666667      -0.829646201677886     
   1.20333166666667        2.40466333333333      -0.817969140489862     
   1.20333166666667        2.70499625000000      -0.809866039233892     
   1.20333166666667        3.00532916666667      -0.803623078319753     
   1.20333166666667        3.30566208333333      -0.795009180142041     
   1.20333166666667        3.60599500000000      -0.777938769995539     
   1.20333166666667        3.90632791666667      -0.750408294600326     
   1.20333166666667        4.20666083333333      -0.716553107640597     
   1.20333166666667        4.50699375000000      -0.683489553613624     
   1.20333166666667        4.80732666666667      -0.655424892193763     
   1.20333166666667        5.10765958333333      -0.633540557639300     
   1.20333166666667        5.40799250000000      -0.617458591411825     
   1.20333166666667        5.70832541666667      -0.605849889384229     
   1.20333166666667        6.00865833333333      -0.597038504455944     
   1.20333166666667        6.30899125000000      -0.589760895681891     
   1.20333166666667        6.60932416666667      -0.583003900564154     
   1.20333166666667        6.90965708333333      -0.574771951618958     
   1.20333166666667        7.20999000000000      -0.560634114612509     
   1.50366458333333       2.000000000000000E-003 -0.887947741003049     
   1.50366458333333       0.302332916666667      -0.906710109962139     
   1.50366458333333       0.602665833333333      -0.912681881499401     
   1.50366458333333       0.902998750000000      -0.909510912426579     
   1.50366458333333        1.20333166666667      -0.899532769977554     
   1.50366458333333        1.50366458333333      -0.884205969474644     
   1.50366458333333        1.80399750000000      -0.865760922887188     
   1.50366458333333        2.10433041666667      -0.847290391822044     
   1.50366458333333        2.40466333333333      -0.830042626047855     
   1.50366458333333        2.70499625000000      -0.814174954305708     
   1.50366458333333        3.00532916666667      -0.798602891484739     
   1.50366458333333        3.30566208333333      -0.781062599170919     
   1.50366458333333        3.60599500000000      -0.759221662021160     
   1.50366458333333        3.90632791666667      -0.732615918265747     
   1.50366458333333        4.20666083333333      -0.703508583692073     
   1.50366458333333        4.50699375000000      -0.675415575259500     
   1.50366458333333        4.80732666666667      -0.651036027259647     
   1.50366458333333        5.10765958333333      -0.631436019006536     
   1.50366458333333        5.40799250000000      -0.616377946600067     
   1.50366458333333        5.70832541666667      -0.604944557639558     
   1.50366458333333        6.00865833333333      -0.595654517651564     
   1.50366458333333        6.30899125000000      -0.587145666637667     
   1.50366458333333        6.60932416666667      -0.578137684319148     
   1.50366458333333        6.90965708333333      -0.566844301031617     
   1.50366458333333        7.20999000000000      -0.551015489172487     
   1.80399750000000       2.000000000000000E-003 -0.906989144517656     
   1.80399750000000       0.302332916666667      -0.929136081593947     
   1.80399750000000       0.602665833333333      -0.939069486130956     
   1.80399750000000       0.902998750000000      -0.938654188297054     
   1.80399750000000        1.20333166666667      -0.929554677186931     
   1.80399750000000        1.50366458333333      -0.913510805144114     
   1.80399750000000        1.80399750000000      -0.893004719769022     
   1.80399750000000        2.10433041666667      -0.870086576405365     
   1.80399750000000        2.40466333333333      -0.846565743834261     
   1.80399750000000        2.70499625000000      -0.823549266033712     
   1.80399750000000        3.00532916666667      -0.800945125105539     
   1.80399750000000        3.30566208333333      -0.777621392887140     
   1.80399750000000        3.60599500000000      -0.752364601836176     
   1.80399750000000        3.90632791666667      -0.725066878162055     
   1.80399750000000        4.20666083333333      -0.697171254327634     
   1.80399750000000        4.50699375000000      -0.670960730361338     
   1.80399750000000        4.80732666666667      -0.648347047672631     
   1.80399750000000        5.10765958333333      -0.630105000263170     
   1.80399750000000        5.40799250000000      -0.615890687063400     
   1.80399750000000        5.70832541666667      -0.604738779443806     
   1.80399750000000        6.00865833333333      -0.595496481608772     
   1.80399750000000        6.30899125000000      -0.586762064336403     
   1.80399750000000        6.60932416666667      -0.577083999860698     
   1.80399750000000        6.90965708333333      -0.564874182178479     
   1.80399750000000        7.20999000000000      -0.548599641136769     
   2.10433041666667       2.000000000000000E-003 -0.948108426311311     
   2.10433041666667       0.302332916666667      -0.972824534984858     
   2.10433041666667       0.602665833333333      -0.983559934653671     
   2.10433041666667       0.902998750000000      -0.982487290031382     
   2.10433041666667        1.20333166666667      -0.971918256385871     
   2.10433041666667        1.50366458333333      -0.953521899677419     
   2.10433041666667        1.80399750000000      -0.928726444284976     
   2.10433041666667        2.10433041666667      -0.899524919213188     
   2.10433041666667        2.40466333333333      -0.868479170145976     
   2.10433041666667        2.70499625000000      -0.837830019289707     
   2.10433041666667        3.00532916666667      -0.808558125109714     
   2.10433041666667        3.30566208333333      -0.780258362377119     
   2.10433041666667        3.60599500000000      -0.751981546847507     
   2.10433041666667        3.90632791666667      -0.723398204220979     
   2.10433041666667        4.20666083333333      -0.695386100525840     
   2.10433041666667        4.50699375000000      -0.669642846437936     
   2.10433041666667        4.80732666666667      -0.647720349416356     
   2.10433041666667        5.10765958333333      -0.630249265639963     
   2.10433041666667        5.40799250000000      -0.616826008592409     
   2.10433041666667        5.70832541666667      -0.606439468201070     
   2.10433041666667        6.00865833333333      -0.597931420565969     
   2.10433041666667        6.30899125000000      -0.590073984341871     
   2.10433041666667        6.60932416666667      -0.581310381531933     
   2.10433041666667        6.90965708333333      -0.569706209271430     
   2.10433041666667        7.20999000000000      -0.553607455341255     
   2.40466333333333       2.000000000000000E-003  -1.01835056780454     
   2.40466333333333       0.302332916666667       -1.04511033797003     
   2.40466333333333       0.602665833333333       -1.05230540867388     
   2.40466333333333       0.902998750000000       -1.04504512219184     
   2.40466333333333        1.20333166666667       -1.02816947171762     
   2.40466333333333        1.50366458333333       -1.00369346870627     
   2.40466333333333        1.80399750000000      -0.972126363945868     
   2.40466333333333        2.10433041666667      -0.934931858074431     
   2.40466333333333        2.40466333333333      -0.895132965145938     
   2.40466333333333        2.70499625000000      -0.856074065618558     
   2.40466333333333        3.00532916666667      -0.819820831727565     
   2.40466333333333        3.30566208333333      -0.786549874977633     
   2.40466333333333        3.60599500000000      -0.755271813274330     
   2.40466333333333        3.90632791666667      -0.725182419230826     
   2.40466333333333        4.20666083333333      -0.696571799307035     
   2.40466333333333        4.50699375000000      -0.670708824784114     
   2.40466333333333        4.80732666666667      -0.648970459807264     
   2.40466333333333        5.10765958333333      -0.631993497953440     
   2.40466333333333        5.40799250000000      -0.619450007399400     
   2.40466333333333        5.70832541666667      -0.610432360900962     
   2.40466333333333        6.00865833333333      -0.603916153637732     
   2.40466333333333        6.30899125000000      -0.598729876786467     
   2.40466333333333        6.60932416666667      -0.592959749873616     
   2.40466333333333        6.90965708333333      -0.583653770626730     
   2.40466333333333        7.20999000000000      -0.568092068455642     
   2.70499625000000       2.000000000000000E-003  -1.12040446200371     
   2.70499625000000       0.302332916666667       -1.14991715992664     
   2.70499625000000       0.602665833333333       -1.15106100444146     
   2.70499625000000       0.902998750000000       -1.12873055526560     
   2.70499625000000        1.20333166666667       -1.09568342808995     
   2.70499625000000        1.50366458333333       -1.05993414784728     
   2.70499625000000        1.80399750000000       -1.01920231720321     
   2.70499625000000        2.10433041666667      -0.972934174178634     
   2.70499625000000        2.40466333333333      -0.923865211331693     
   2.70499625000000        2.70499625000000      -0.876149705710566     
   2.70499625000000        3.00532916666667      -0.832837596437004     
   2.70499625000000        3.30566208333333      -0.794619226415150     
   2.70499625000000        3.60599500000000      -0.760375979528790     
   2.70499625000000        3.90632791666667      -0.728748626149680     
   2.70499625000000        4.20666083333333      -0.699412869766211     
   2.70499625000000        4.50699375000000      -0.673240198075950     
   2.70499625000000        4.80732666666667      -0.651500784586898     
   2.70499625000000        5.10765958333333      -0.634934086967313     
   2.70499625000000        5.40799250000000      -0.623428585748791     
   2.70499625000000        5.70832541666667      -0.616406418685011     
   2.70499625000000        6.00865833333333      -0.613357164298297     
   2.70499625000000        6.30899125000000      -0.613681668937279     
   2.70499625000000        6.60932416666667      -0.614081145822084     
   2.70499625000000        6.90965708333333      -0.608469686517666     
   2.70499625000000        7.20999000000000      -0.593397807741444     
   3.00532916666667       2.000000000000000E-003  -1.23884595074855     
   3.00532916666667       0.302332916666667       -1.27253204553268     
   3.00532916666667       0.602665833333333       -1.26561011323784     
   3.00532916666667       0.902998750000000       -1.22600741435586     
   3.00532916666667        1.20333166666667       -1.16740442308012     
   3.00532916666667        1.50366458333333       -1.11424973391234     
   3.00532916666667        1.80399750000000       -1.06285469975871     
   3.00532916666667        2.10433041666667       -1.00771867237118     
   3.00532916666667        2.40466333333333      -0.950183151767874     
   3.00532916666667        2.70499625000000      -0.894723748108187     
   3.00532916666667        3.00532916666667      -0.845135688327285     
   3.00532916666667        3.30566208333333      -0.802529764848257     
   3.00532916666667        3.60599500000000      -0.765660524143263     
   3.00532916666667        3.90632791666667      -0.732665775955953     
   3.00532916666667        4.20666083333333      -0.702667515762770     
   3.00532916666667        4.50699375000000      -0.676184757363387     
   3.00532916666667        4.80732666666667      -0.654410837875543     
   3.00532916666667        5.10765958333333      -0.638226839586155     
   3.00532916666667        5.40799250000000      -0.627828149140261     
   3.00532916666667        5.70832541666667      -0.623199584714447     
   3.00532916666667        6.00865833333333      -0.624982694783464     
   3.00532916666667        6.30899125000000      -0.633436864126702     
   3.00532916666667        6.60932416666667      -0.641735067935844     
   3.00532916666667        6.90965708333333      -0.640664762398267     
   3.00532916666667        7.20999000000000      -0.625497894764715     
   3.30566208333333       2.000000000000000E-003  -1.33355412458034     
   3.30566208333333       0.302332916666667       -1.37542907953368     
   3.30566208333333       0.602665833333333       -1.36450060987085     
   3.30566208333333       0.902998750000000       -1.30706955888751     
   3.30566208333333        1.20333166666667       -1.22762818596946     
   3.30566208333333        1.50366458333333       -1.15506627215891     
   3.30566208333333        1.80399750000000       -1.09426621058433     
   3.30566208333333        2.10433041666667       -1.03241697576247     
   3.30566208333333        2.40466333333333      -0.968849595989416     
   3.30566208333333        2.70499625000000      -0.907965195540868     
   3.30566208333333        3.00532916666667      -0.853992159486165     
   3.30566208333333        3.30566208333333      -0.808316500117872     
   3.30566208333333        3.60599500000000      -0.769606655698394     
   3.30566208333333        3.90632791666667      -0.735653291380160     
   3.30566208333333        4.20666083333333      -0.705191533074282     
   3.30566208333333        4.50699375000000      -0.678492175755650     
   3.30566208333333        4.80732666666667      -0.656698707516109     
   3.30566208333333        5.10765958333333      -0.640813532835047     
   3.30566208333333        5.40799250000000      -0.631315844425041     
   3.30566208333333        5.70832541666667      -0.628798842261497     
   3.30566208333333        6.00865833333333      -0.635463656091263     
   3.30566208333333        6.30899125000000      -0.651312699196224     
   3.30566208333333        6.60932416666667      -0.667828430327529     
   3.30566208333333        6.90965708333333      -0.670521180126776     
   3.30566208333333        7.20999000000000      -0.654260784720586     
   3.60599500000000       2.000000000000000E-003  -1.38323047953970     
   3.60599500000000       0.302332916666667       -1.41522420715625     
   3.60599500000000       0.602665833333333       -1.40432000696493     
   3.60599500000000       0.902998750000000       -1.33918630966972     
   3.60599500000000        1.20333166666667       -1.25147877247577     
   3.60599500000000        1.50366458333333       -1.17046096625445     
   3.60599500000000        1.80399750000000       -1.10576648642159     
   3.60599500000000        2.10433041666667       -1.04138045698612     
   3.60599500000000        2.40466333333333      -0.975616613155585     
   3.60599500000000        2.70499625000000      -0.912776286174874     
   3.60599500000000        3.00532916666667      -0.857224166533033     
   3.60599500000000        3.30566208333333      -0.810441536505808     
   3.60599500000000        3.60599500000000      -0.771066785599421     
   3.60599500000000        3.90632791666667      -0.736767019817637     
   3.60599500000000        4.20666083333333      -0.706138484000290     
   3.60599500000000        4.50699375000000      -0.679362341473989     
   3.60599500000000        4.80732666666667      -0.657564807992506     
   3.60599500000000        5.10765958333333      -0.641796478351676     
   3.60599500000000        5.40799250000000      -0.632654533557744     
   3.60599500000000        5.70832541666667      -0.631008551199270     
   3.60599500000000        6.00865833333333      -0.639764192260356     
   3.60599500000000        6.30899125000000      -0.658759805523044     
   3.60599500000000        6.60932416666667      -0.679099170550744     
   3.60599500000000        6.90965708333333      -0.684134277331585     
   3.60599500000000        7.20999000000000      -0.676814017604566     
   3.90632791666667       2.000000000000000E-003  -1.33356844153587     
   3.90632791666667       0.302332916666667       -1.37531678934563     
   3.90632791666667       0.602665833333333       -1.36439184685409     
   3.90632791666667       0.902998750000000       -1.30700135063748     
   3.90632791666667        1.20333166666667       -1.22759400683947     
   3.90632791666667        1.50366458333333       -1.15504981077602     
   3.90632791666667        1.80399750000000       -1.09425768814712     
   3.90632791666667        2.10433041666667       -1.03241273217808     
   3.90632791666667        2.40466333333333      -0.968847740523069     
   3.90632791666667        2.70499625000000      -0.907964603599373     
   3.90632791666667        3.00532916666667      -0.853992224084095     
   3.90632791666667        3.30566208333333      -0.808316947748387     
   3.90632791666667        3.60599500000000      -0.769607335667891     
   3.90632791666667        3.90632791666667      -0.735654067096576     
   3.90632791666667        4.20666083333333      -0.705192389698429     
   3.90632791666667        4.50699375000000      -0.678493504303960     
   3.90632791666667        4.80732666666667      -0.656701585526788     
   3.90632791666667        5.10765958333333      -0.640819853275898     
   3.90632791666667        5.40799250000000      -0.631328446215132     
   3.90632791666667        5.70832541666667      -0.628822526936775     
   3.90632791666667        6.00865833333333      -0.635510122159826     
   3.90632791666667        6.30899125000000      -0.651401197687741     
   3.90632791666667        6.60932416666667      -0.667969187338120     
   3.90632791666667        6.90965708333333      -0.670674527414136     
   3.90632791666667        7.20999000000000      -0.654281603833567     
   4.20666083333333       2.000000000000000E-003  -1.23887186046216     
   4.20666083333333       0.302332916666667       -1.27243586170621     
   4.20666083333333       0.602665833333333       -1.26549109839893     
   4.20666083333333       0.902998750000000       -1.22592395348386     
   4.20666083333333        1.20333166666667       -1.16736165040339     
   4.20666083333333        1.50366458333333       -1.11422885386730     
   4.20666083333333        1.80399750000000       -1.06284501543865     
   4.20666083333333        2.10433041666667       -1.00771487715664     
   4.20666083333333        2.40466333333333      -0.950182106326908     
   4.20666083333333        2.70499625000000      -0.894723722941875     
   4.20666083333333        3.00532916666667      -0.845136087679735     
   4.20666083333333        3.30566208333333      -0.802530652052394     
   4.20666083333333        3.60599500000000      -0.765662005302704     
   4.20666083333333        3.90632791666667      -0.732667634264216     
   4.20666083333333        4.20666083333333      -0.702669400393321     
   4.20666083333333        4.50699375000000      -0.676186852066271     
   4.20666083333333        4.80732666666667      -0.654414583363612     
   4.20666083333333        5.10765958333333      -0.638235279740338     
   4.20666083333333        5.40799250000000      -0.627845945600926     
   4.20666083333333        5.70832541666667      -0.623233669569559     
   4.20666083333333        6.00865833333333      -0.625046104303075     
   4.20666083333333        6.30899125000000      -0.633552471369263     
   4.20666083333333        6.60932416666667      -0.641901557488584     
   4.20666083333333        6.90965708333333      -0.640821383033654     
   4.20666083333333        7.20999000000000      -0.625531135063793     
   4.50699375000000       2.000000000000000E-003  -1.12042665349971     
   4.50699375000000       0.302332916666667       -1.14986596478667     
   4.50699375000000       0.602665833333333       -1.15098691677700     
   4.50699375000000       0.902998750000000       -1.12867750507170     
   4.50699375000000        1.20333166666667       -1.09565649716714     
   4.50699375000000        1.50366458333333       -1.05992403533428     
   4.50699375000000        1.80399750000000       -1.01920153720128     
   4.50699375000000        2.10433041666667      -0.972937148101455     
   4.50699375000000        2.40466333333333      -0.923868250563418     
   4.50699375000000        2.70499625000000      -0.876151294384208     
   4.50699375000000        3.00532916666667      -0.832838190564420     
   4.50699375000000        3.30566208333333      -0.794620253155260     
   4.50699375000000        3.60599500000000      -0.760378475537859     
   4.50699375000000        3.90632791666667      -0.728752364176565     
   4.50699375000000        4.20666083333333      -0.699416590434262     
   4.50699375000000        4.50699375000000      -0.673242844119924     
   4.50699375000000        4.80732666666667      -0.651502956361045     
   4.50699375000000        5.10765958333333      -0.634938822059796     
   4.50699375000000        5.40799250000000      -0.623441142882249     
   4.50699375000000        5.70832541666667      -0.616433676856488     
   4.50699375000000        6.00865833333333      -0.613407842376955     
   4.50699375000000        6.30899125000000      -0.613767340173244     
   4.50699375000000        6.60932416666667      -0.614198900927646     
   4.50699375000000        6.90965708333333      -0.608572336686815     
   4.50699375000000        7.20999000000000      -0.593422988286365     
   4.80732666666667       2.000000000000000E-003  -1.01836441560979     
   4.80732666666667       0.302332916666667       -1.04509431805146     
   4.80732666666667       0.602665833333333       -1.05228186328285     
   4.80732666666667       0.902998750000000       -1.04503159737503     
   4.80732666666667        1.20333166666667       -1.02816994249448     
   4.80732666666667        1.50366458333333       -1.00370437798133     
   4.80732666666667        1.80399750000000      -0.972141609488852     
   4.80732666666667        2.10433041666667      -0.934945507030739     
   4.80732666666667        2.40466333333333      -0.895141238949167     
   4.80732666666667        2.70499625000000      -0.856076549368395     
   4.80732666666667        3.00532916666667      -0.819820213160451     
   4.80732666666667        3.30566208333333      -0.786550104439903     
   4.80732666666667        3.60599500000000      -0.755275596862624     
   4.80732666666667        3.90632791666667      -0.725189542086637     
   4.80732666666667        4.20666083333333      -0.696579372322322     
   4.80732666666667        4.50699375000000      -0.670713327712777     
   4.80732666666667        4.80732666666667      -0.648970293383409     
   4.80732666666667        5.10765958333333      -0.631990505007501     
   4.80732666666667        5.40799250000000      -0.619449185333527     
   4.80732666666667        5.70832541666667      -0.610440142969093     
   4.80732666666667        6.00865833333333      -0.603938250613526     
   4.80732666666667        6.30899125000000      -0.598768855250632     
   4.80732666666667        6.60932416666667      -0.593010356455668     
   4.80732666666667        6.90965708333333      -0.583695734279947     
   4.80732666666667        7.20999000000000      -0.568096171878094     
   5.10765958333333       2.000000000000000E-003 -0.948113519954899     
   5.10765958333333       0.302332916666667      -0.972828391672087     
   5.10765958333333       0.602665833333333      -0.983569919452531     
   5.10765958333333       0.902998750000000      -0.982507629803364     
   5.10765958333333        1.20333166666667      -0.971948166816036     
   5.10765958333333        1.50366458333333      -0.953556513562711     
   5.10765958333333        1.80399750000000      -0.928758722922638     
   5.10765958333333        2.10433041666667      -0.899548226808100     
   5.10765958333333        2.40466333333333      -0.868490052423228     
   5.10765958333333        2.70499625000000      -0.837829980232672     
   5.10765958333333        3.00532916666667      -0.808553162293770     
   5.10765958333333        3.30566208333333      -0.780256046058151     
   5.10765958333333        3.60599500000000      -0.751986950215882     
   5.10765958333333        3.90632791666667      -0.723411054240243     
   5.10765958333333        4.20666083333333      -0.695401045254898     
   5.10765958333333        4.50699375000000      -0.669652676279413     
   5.10765958333333        4.80732666666667      -0.647720053270691     
   5.10765958333333        5.10765958333333      -0.630238545035792     
   5.10765958333333        5.40799250000000      -0.616809111325864     
   5.10765958333333        5.70832541666667      -0.606422783256561     
   5.10765958333333        6.00865833333333      -0.597920252573382     
   5.10765958333333        6.30899125000000      -0.590069869215547     
   5.10765958333333        6.60932416666667      -0.581309716300975     
   5.10765958333333        6.90965708333333      -0.569700671523940     
   5.10765958333333        7.20999000000000      -0.553587951374358     
   5.40799250000000       2.000000000000000E-003 -0.906990215332105     
   5.40799250000000       0.302332916666667      -0.929149504812275     
   5.40799250000000       0.602665833333333      -0.939099447722275     
   5.40799250000000       0.902998750000000      -0.938700994544866     
   5.40799250000000        1.20333166666667      -0.929611314804351     
   5.40799250000000        1.50366458333333      -0.913565841246620     
   5.40799250000000        1.80399750000000      -0.893049371058509     
   5.40799250000000        2.10433041666667      -0.870113926856166     
   5.40799250000000        2.40466333333333      -0.846573206476096     
   5.40799250000000        2.70499625000000      -0.823540835924613     
   5.40799250000000        3.00532916666667      -0.800930954329779     
   5.40799250000000        3.30566208333333      -0.777613867999266     
   5.40799250000000        3.60599500000000      -0.752372099287579     
   5.40799250000000        3.90632791666667      -0.725088875950292     
   5.40799250000000        4.20666083333333      -0.697198691414125     
   5.40799250000000        4.50699375000000      -0.670981350476862     
   5.40799250000000        4.80732666666667      -0.648351561927547     
   5.40799250000000        5.10765958333333      -0.630090516080328     
   5.40799250000000        5.40799250000000      -0.615860495908194     
   5.40799250000000        5.70832541666667      -0.604699471689663     
   5.40799250000000        6.00865833333333      -0.595454537844386     
   5.40799250000000        6.30899125000000      -0.586722197522764     
   5.40799250000000        6.60932416666667      -0.577044940328969     
   5.40799250000000        6.90965708333333      -0.564832025165604     
   5.40799250000000        7.20999000000000      -0.548553994111755     
   5.70832541666667       2.000000000000000E-003 -0.887955830631057     
   5.70832541666667       0.302332916666667      -0.906731521308033     
   5.70832541666667       0.602665833333333      -0.912720878743988     
   5.70832541666667       0.902998750000000      -0.909570076279882     
   5.70832541666667        1.20333166666667      -0.899604693440567     
   5.70832541666667        1.50366458333333      -0.884274663872678     
   5.70832541666667        1.80399750000000      -0.865810673192754     
   5.70832541666667        2.10433041666667      -0.847314241317012     
   5.70832541666667        2.40466333333333      -0.830039239857081     
   5.70832541666667        2.70499625000000      -0.814150601531575     
   5.70832541666667        3.00532916666667      -0.798572323941389     
   5.70832541666667        3.30566208333333      -0.781045342638968     
   5.70832541666667        3.60599500000000      -0.759232128323447     
   5.70832541666667        3.90632791666667      -0.732652955069315     
   5.70832541666667        4.20666083333333      -0.703556177494965     
   5.70832541666667        4.50699375000000      -0.675454022015721     
   5.70832541666667        4.80732666666667      -0.651051502156845     
   5.70832541666667        5.10765958333333      -0.631423613960437     
   5.70832541666667        5.40799250000000      -0.616340298395737     
   5.70832541666667        5.70832541666667      -0.604889309449812     
   5.70832541666667        6.00865833333333      -0.595592941869244     
   5.70832541666667        6.30899125000000      -0.587081770428256     
   5.70832541666667        6.60932416666667      -0.578065283452350     
   5.70832541666667        6.90965708333333      -0.566757936128976     
   5.70832541666667        7.20999000000000      -0.550925036932810     
   6.00865833333333       2.000000000000000E-003 -0.888431211288699     
   6.00865833333333       0.302332916666667      -0.901480025455760     
   6.00865833333333       0.602665833333333      -0.899196791774426     
   6.00865833333333       0.902998750000000      -0.890408698651178     
   6.00865833333333        1.20333166666667      -0.877833902407883     
   6.00865833333333        1.50366458333333      -0.862219791914571     
   6.00865833333333        1.80399750000000      -0.845182498183637     
   6.00865833333333        2.10433041666667      -0.829660470025337     
   6.00865833333333        2.40466333333333      -0.817948566134085     
   6.00865833333333        2.70499625000000      -0.809816526892558     
   6.00865833333333        3.00532916666667      -0.803562573208072     
   6.00865833333333        3.30566208333333      -0.794970724321662     
   6.00865833333333        3.60599500000000      -0.777954245929620     
   6.00865833333333        3.90632791666667      -0.750474900177461     
   6.00865833333333        4.20666083333333      -0.716635605851157     
   6.00865833333333        4.50699375000000      -0.683554838801538     
   6.00865833333333        4.80732666666667      -0.655456638245471     
   6.00865833333333        5.10765958333333      -0.633534983444127     
   6.00865833333333        5.40799250000000      -0.617419429509614     
   6.00865833333333        5.70832541666667      -0.605790345688372     
   6.00865833333333        6.00865833333333      -0.596971401154726     
   6.00865833333333        6.30899125000000      -0.589685533790688     
   6.00865833333333        6.60932416666667      -0.582900487081786     
   6.00865833333333        6.90965708333333      -0.574622003779838     
   6.00865833333333        7.20999000000000      -0.560464331225549     
   6.30899125000000       2.000000000000000E-003 -0.908195181078619     
   6.30899125000000       0.302332916666667      -0.909128734331167     
   6.30899125000000       0.602665833333333      -0.892621570311975     
   6.30899125000000       0.902998750000000      -0.876582653205079     
   6.30899125000000        1.20333166666667      -0.860395188806101     
   6.30899125000000        1.50366458333333      -0.843317172965115     
   6.30899125000000        1.80399750000000      -0.827072527993595     
   6.30899125000000        2.10433041666667      -0.814296340078549     
   6.30899125000000        2.40466333333333      -0.808186346078016     
   6.30899125000000        2.70499625000000      -0.809907319032244     
   6.30899125000000        3.00532916666667      -0.816856911020017     
   6.30899125000000        3.30566208333333      -0.819818357700170     
   6.30899125000000        3.60599500000000      -0.808513027187199     
   6.30899125000000        3.90632791666667      -0.778845748687450     
   6.30899125000000        4.20666083333333      -0.737243991310276     
   6.30899125000000        4.50699375000000      -0.694895046552002     
   6.30899125000000        4.80732666666667      -0.660327211633216     
   6.30899125000000        5.10765958333333      -0.635059681647776     
   6.30899125000000        5.40799250000000      -0.617639799148277     
   6.30899125000000        5.70832541666667      -0.606074977606581     
   6.30899125000000        6.00865833333333      -0.598481984225887     
   6.30899125000000        6.30899125000000      -0.593408121407097     
   6.30899125000000        6.60932416666667      -0.590215833163991     
   6.30899125000000        6.90965708333333      -0.587933147769490     
   6.30899125000000        7.20999000000000      -0.578308404653246     
   6.60932416666667       2.000000000000000E-003 -0.941243109820793     
   6.60932416666667       0.302332916666667      -0.918931354214100     
   6.60932416666667       0.602665833333333      -0.887537446806565     
   6.60932416666667       0.902998750000000      -0.865832613362169     
   6.60932416666667        1.20333166666667      -0.844429150785546     
   6.60932416666667        1.50366458333333      -0.824183489850594     
   6.60932416666667        1.80399750000000      -0.807740449567468     
   6.60932416666667        2.10433041666667      -0.797710163593095     
   6.60932416666667        2.40466333333333      -0.797451011934196     
   6.60932416666667        2.70499625000000      -0.809797257210507     
   6.60932416666667        3.00532916666667      -0.829379363273290     
   6.60932416666667        3.30566208333333      -0.844782816434494     
   6.60932416666667        3.60599500000000      -0.839887654379703     
   6.60932416666667        3.90632791666667      -0.807323106607236     
   6.60932416666667        4.20666083333333      -0.756864342923588     
   6.60932416666667        4.50699375000000      -0.705226236292366     
   6.60932416666667        4.80732666666667      -0.663068668413034     
   6.60932416666667        5.10765958333333      -0.633943025033079     
   6.60932416666667        5.40799250000000      -0.615269111728442     
   6.60932416666667        5.70832541666667      -0.604353914738362     
   6.60932416666667        6.00865833333333      -0.599192496860756     
   6.60932416666667        6.30899125000000      -0.597945638001980     
   6.60932416666667        6.60932416666667      -0.598978214245136     
   6.60932416666667        6.90965708333333      -0.603746906680987     
   6.60932416666667        7.20999000000000      -0.603282926482518     
   6.90965708333333       2.000000000000000E-003 -0.949089348207127     
   6.90965708333333       0.302332916666667      -0.917042264651928     
   6.90965708333333       0.602665833333333      -0.890284319715164     
   6.90965708333333       0.902998750000000      -0.858339254256846     
   6.90965708333333        1.20333166666667      -0.826729637050003     
   6.90965708333333        1.50366458333333      -0.801549781076152     
   6.90965708333333        1.80399750000000      -0.784348657362989     
   6.90965708333333        2.10433041666667      -0.776497164457981     
   6.90965708333333        2.40466333333333      -0.781351188186750     
   6.90965708333333        2.70499625000000      -0.800973403236015     
   6.90965708333333        3.00532916666667      -0.829248744780828     
   6.90965708333333        3.30566208333333      -0.851897428600672     
   6.90965708333333        3.60599500000000      -0.851803458628654     
   6.90965708333333        3.90632791666667      -0.818390628134245     
   6.90965708333333        4.20666083333333      -0.764096727461558     
   6.90965708333333        4.50699375000000      -0.706779387130179     
   6.90965708333333        4.80732666666667      -0.659804214974232     
   6.90965708333333        5.10765958333333      -0.627782850439945     
   6.90965708333333        5.40799250000000      -0.608477597873261     
   6.90965708333333        5.70832541666667      -0.598785438874940     
   6.90965708333333        6.00865833333333      -0.597212764458571     
   6.90965708333333        6.30899125000000      -0.602665962793278     
   6.90965708333333        6.60932416666667      -0.611326523565457     
   6.90965708333333        6.90965708333333      -0.615642135658731     
   6.90965708333333        7.20999000000000      -0.618212099911826     
   7.20999000000000       2.000000000000000E-003 -0.917151181407767     
   7.20999000000000       0.302332916666667      -0.924856845880544     
   7.20999000000000       0.602665833333333      -0.892602088575542     
   7.20999000000000       0.902998750000000      -0.840761158915822     
   7.20999000000000        1.20333166666667      -0.799803495560739     
   7.20999000000000        1.50366458333333      -0.771889938280505     
   7.20999000000000        1.80399750000000      -0.754851942375161     
   7.20999000000000        2.10433041666667      -0.748656372470337     
   7.20999000000000        2.40466333333333      -0.756056620221503     
   7.20999000000000        2.70499625000000      -0.778432845334076     
   7.20999000000000        3.00532916666667      -0.809195820438750     
   7.20999000000000        3.30566208333333      -0.833086994685714     
   7.20999000000000        3.60599500000000      -0.846686065889095     
   7.20999000000000        3.90632791666667      -0.803555079634727     
   7.20999000000000        4.20666083333333      -0.751260961580769     
   7.20999000000000        4.50699375000000      -0.694339904136927     
   7.20999000000000        4.80732666666667      -0.646988660756333     
   7.20999000000000        5.10765958333333      -0.614670632685093     
   7.20999000000000        5.40799250000000      -0.595724600739645     
   7.20999000000000        5.70832541666667      -0.587150018950682     
   7.20999000000000        6.00865833333333      -0.588050505998502     
   7.20999000000000        6.30899125000000      -0.598978525796258     
   7.20999000000000        6.60932416666667      -0.617855044003629     
   7.20999000000000        6.90965708333333      -0.625423886468710     
   7.20999000000000        7.20999000000000      -0.611216452776898     
